0 0.165426
1 0.185541
2 0.222064
3 0.245769
4 0.277669
5 0.322548
6 0.341777
7 0.37386
8 0.405807
9 0.43775
10 0.485674
11 0.517638
12 0.549681
13 0.581524
14 0.620411
15 0.646223
16 0.677727
17 0.719517
18 0.741659
19 0.773965
20 0.819729
21 0.837686
22 0.885649
23 0.920251
24 0.949672
25 0.981658
26 1.01367
27 1.04566
28 1.07758
29 1.10958
30 1.15275
31 1.17396
32 1.20576
33 1.25237
34 1.28549
35 1.31756
36 1.35243
37 1.38156
38 1.41352
39 1.44552
40 1.47754
41 1.50976
42 1.54176
43 1.5741
44 1.60559
45 1.63766
46 1.6698
47 1.71767
48 1.7496
49 1.78166
50 1.8138
51 1.84579
52 1.87784
53 1.90981
54 1.94182
55 1.97415
56 2.00617
57 2.03779
58 2.06984
59 2.11763
60 2.14965
61 2.18172
62 2.21383
63 2.24578
64 2.27784
65 2.30982
66 2.34183
67 2.37401
68 2.40611
69 2.43798
70 2.46975
71 2.52052
72 2.54986
73 2.58162
74 2.61793
75 2.64578
76 2.67755
77 2.71701
78 2.74168
79 2.77399
80 2.81688
81 2.83775
82 2.86975
83 2.91702
84 2.94982
85 2.98172
86 3.0136
87 3.04578
88 3.07772
89 3.1096
90 3.14175
91 3.17374
92 3.20604
93 3.23791
94 3.26975
95 3.30174
96 3.34978
97 3.3818
98 3.41379
99 3.4458
100 3.47772
101 3.50948
102 3.54175
103 3.57348
104 3.60604
105 3.63776
106 3.6698
107 3.70176
108 3.73349
109 3.78183
110 3.81367
111 3.84581
112 3.87769
113 3.90966
114 3.94169
115 3.97346
116 4.00608
117 4.03803
118 4.06977
119 4.10169
120 4.14862
121 4.2134
122 4.2456
123 4.28257
124 4.30959
125 4.34172
126 4.38169
127 4.40581
128 4.43796
129 4.48203
130 4.50168
131 4.53367
132 4.58169
133 4.61361
134 4.64551
135 4.67745
136 4.70952
137 4.7417
138 4.77365
139 4.80568
140 4.83796
141 4.87071
142 4.90167
143 4.93368
144 4.96566
145 5.0136
146 5.0456
147 5.07765
148 5.10968
149 5.14149
150 5.17377
151 5.20575
152 5.23797
153 5.26978
154 5.30161
155 5.33342
156 5.36562
157 5.41364
158 5.44556
159 5.47744
160 5.50937
161 5.54173
162 5.57362
163 5.60578
164 5.63791
165 5.66969
166 5.70161
167 5.73363
168 5.7656
169 5.81358
170 5.8456
171 5.87758
172 5.90955
173 5.94159
174 5.97364
175 6.00574
176 6.03821
177 6.06997
178 6.10161
179 6.13365
180 6.16559
181 6.1976
182 6.24561
183 6.27756
184 6.30958
185 6.34156
186 6.37361
187 6.40558
188 6.43769
189 6.46975
190 6.50162
191 6.53359
192 6.56559
193 6.59735
194 6.64562
195 6.67755
196 6.70955
197 6.74158
198 6.77359
199 6.80635
200 6.83752
201 6.8698
202 6.90155
203 6.93357
204 6.96557
205 6.99758
206 7.04539
207 7.07751
208 7.10959
209 7.14158
210 7.17356
211 7.20557
212 7.23762
213 7.26976
214 7.30131
215 7.33358
216 7.36556
217 7.39758
218 7.42956
219 7.47721
220 7.50953
221 7.5413
222 7.57357
223 7.60568
224 7.63751
225 7.67031
226 7.70127
227 7.73327
228 7.76541
229 7.79771
230 7.82955
231 7.87761
232 7.90955
233 7.94127
234 7.97351
235 8.01087
236 8.03748
237 8.06978
238 8.11098
239 8.13352
240 8.16554
241 8.21045
242 8.22957
243 8.26153
244 8.31188
245 8.34144
246 8.37319
247 8.4052
248 8.43734
249 8.4698
250 8.50184
251 8.53353
252 8.56551
253 8.59752
254 8.62922
255 8.66152
256 8.70953
257 8.74147
258 8.77353
259 8.80559
260 8.83749
261 8.86942
262 8.90172
263 8.93352
264 8.96547
265 8.9973
266 9.0295
267 9.06148
268 9.10942
269 9.14146
270 9.17321
271 9.20545
272 9.24277
273 9.26945
274 9.30174
275 9.34223
276 9.36548
277 9.39749
278 9.44235
279 9.46146
280 9.49348
281 9.54368
282 9.57348
283 9.60536
284 9.63745
285 9.66929
286 9.70183
287 9.73361
288 9.76547
289 9.79714
290 9.82952
291 9.86145
292 9.89357
293 9.94105
294 9.97341
295 10.0053
296 10.0374
297 10.0691
298 10.1017
299 10.1335
300 10.1654
301 10.1972
302 10.2295
303 10.2614
304 10.2934
305 10.3414
306 10.3734
307 10.4055
308 10.4374
309 10.4692
310 10.5017
311 10.5337
312 10.5654
313 10.5974
314 10.6294
315 10.6614
316 10.6934
317 10.7254
318 10.7734
319 10.8051
320 10.8374
321 10.8694
322 10.9016
323 10.9337
324 10.9654
325 10.9974
326 11.0294
327 11.0615
328 11.0934
329 11.1254
330 11.1733
331 11.2054
332 11.2373
333 11.2694
334 11.3016
335 11.3336
336 11.3654
337 11.3974
338 11.4295
339 11.4615
340 11.4934
341 11.5254
342 11.5735
343 11.6055
344 11.6375
345 11.6695
346 11.7016
347 11.7337
348 11.7655
349 11.7979
350 11.8294
351 11.8616
352 11.8989
353 11.9422
354 11.9574
355 12.0055
356 12.0375
357 12.0694
358 12.1014
359 12.1336
360 12.1655
361 12.1973
362 12.2294
363 12.2614
364 12.2933
365 12.3253
366 12.3574
367 12.4052
368 12.437
369 12.469
370 12.5013
371 12.5336
372 12.5655
373 12.5973
374 12.6293
375 12.6613
376 12.6931
377 12.7253
378 12.7573
379 12.8053
380 12.8372
381 12.8689
382 12.9012
383 12.9336
384 12.9655
385 12.9973
386 13.0293
387 13.0613
388 13.0933
389 13.1253
390 13.1575
391 13.1893
392 13.2374
393 13.2693
394 13.3012
395 13.3335
396 13.3655
397 13.3973
398 13.4293
399 13.4614
400 13.4932
401 13.5253
402 13.5572
403 13.5892
404 13.6372
405 13.6693
406 13.7012
407 13.7334
408 13.7655
409 13.7975
410 13.8292
411 13.8612
412 13.8933
413 13.9252
414 13.9572
415 13.9892
416 14.0213
417 14.0692
418 14.1012
419 14.1333
420 14.1655
421 14.1974
422 14.2292
423 14.2612
424 14.2931
425 14.3252
426 14.3572
427 14.3892
428 14.4212
429 14.4692
430 14.5011
431 14.5331
432 14.5655
433 14.5973
434 14.6292
435 14.6611
436 14.6932
437 14.7252
438 14.7572
439 14.7891
440 14.8212
441 14.869
442 14.9011
443 14.9329
444 14.9651
445 14.9974
446 15.0291
447 15.0612
448 15.0931
449 15.1251
450 15.1571
451 15.1891
452 15.2208
453 15.2531
454 15.3008
455 15.3332
456 15.3654
457 15.3974
458 15.4291
459 15.4611
460 15.4931
461 15.5251
462 15.5571
463 15.5891
464 15.6211
465 15.6531
466 15.7011
467 15.733
468 15.7654
469 15.7974
470 15.8291
471 15.861
472 15.8931
473 15.9248
474 15.9572
475 15.9891
476 16.0211
477 16.0531
478 16.101
479 16.1331
480 16.1651
481 16.1974
482 16.2291
483 16.2611
484 16.293
485 16.325
486 16.3571
487 16.389
488 16.4211
489 16.4531
490 16.4851
491 16.533
492 16.565
493 16.5974
494 16.6291
495 16.6611
496 16.6931
497 16.7249
498 16.7571
499 16.789
500 16.821
501 16.8531
502 16.885
503 16.9331
504 16.965
505 16.997
506 17.0288
507 17.061
508 17.093
509 17.125
510 17.157
511 17.189
512 17.221
513 17.253
514 17.285
515 17.3329
516 17.3649
517 17.3972
518 17.4289
519 17.461
520 17.493
521 17.525
522 17.5571
523 17.589
524 17.6209
525 17.653
526 17.685
527 17.7169
528 17.7651
529 17.7972
530 17.8292
531 17.861
532 17.893
533 17.925
534 17.957
535 17.989
536 18.0209
537 18.053
538 18.0849
539 18.1169
540 18.1647
541 18.1971
542 18.2293
543 18.261
544 18.2927
545 18.3249
546 18.357
547 18.389
548 18.4209
549 18.4529
550 18.4849
551 18.5169
552 18.5489
553 18.5968
554 18.6292
555 18.6611
556 18.6929
557 18.7249
558 18.7569
559 18.7889
560 18.8209
561 18.8529
562 18.8849
563 18.9167
564 18.9489
565 18.997
566 19.0291
567 19.061
568 19.0929
569 19.1249
570 19.1569
571 19.189
572 19.2209
573 19.2529
574 19.2849
575 19.3167
576 19.3489
577 19.397
578 19.4292
579 19.4613
580 19.4929
581 19.5248
582 19.5569
583 19.5888
584 19.621
585 19.6529
586 19.6961
587 19.7168
588 19.7488
589 19.7808
590 19.8288
591 19.8611
592 19.8926
593 19.9249
594 19.9569
595 19.9889
596 20.0208
597 20.0528
598 20.0849
599 20.117
600 20.1488
601 20.1807
602 20.2288
603 20.2611
604 20.2928
605 20.3249
606 20.3568
607 20.3888
608 20.4208
609 20.4528
610 20.4848
611 20.5168
612 20.5488
613 20.5808
614 20.6288
615 20.6611
616 20.6929
617 20.7248
618 20.7569
619 20.7888
620 20.8208
621 20.8528
622 20.8849
623 20.9169
624 20.9488
625 20.9806
626 21.0128
627 21.0608
628 21.0926
629 21.125
630 21.1568
631 21.1888
632 21.2208
633 21.2528
634 21.2848
635 21.3168
636 21.3488
637 21.3806
638 21.4128
639 21.4608
640 21.493
641 21.5248
642 21.5565
643 21.5888
644 21.6208
645 21.6528
646 21.6848
647 21.7168
648 21.7489
649 21.7808
650 21.8127
651 21.8604
652 21.893
653 21.9247
654 21.9567
655 21.9888
656 22.0206
657 22.0525
658 22.0847
659 22.1167
660 22.1487
661 22.1815
662 22.2127
663 22.2446
664 22.2927
665 22.3247
666 22.3568
667 22.3887
668 22.4209
669 22.4527
670 22.4847
671 22.5167
672 22.5485
673 22.5808
674 22.6127
675 22.6448
676 22.6926
677 22.7247
678 22.7568
679 22.7887
680 22.8207
681 22.8527
682 22.8847
683 22.9167
684 22.9487
685 22.9807
686 23.0127
687 23.0447
688 23.0926
689 23.1247
690 23.1567
691 23.1887
692 23.2207
693 23.2527
694 23.2847
695 23.3167
696 23.3487
697 23.3807
698 23.4127
699 23.4447
700 23.4769
701 23.5246
702 23.5567
703 23.5887
704 23.6204
705 23.6527
706 23.6847
707 23.7167
708 23.7486
709 23.7805
710 23.8127
711 23.8447
712 23.8767
713 23.9247
714 23.9566
715 23.9887
716 24.0207
717 24.0527
718 24.0844
719 24.1166
720 24.1486
721 24.1807
722 24.2127
723 24.2447
724 24.2766
725 24.3087
726 24.3568
727 24.3886
728 24.4207
729 24.4526
730 24.4847
731 24.5166
732 24.5486
733 24.5806
734 24.6123
735 24.6446
736 24.6767
737 24.7091
738 24.7566
739 24.7886
740 24.8206
741 24.8526
742 24.8847
743 24.9163
744 24.9487
745 24.9803
746 25.0126
747 25.0446
748 25.0766
749 25.1086
750 25.1563
751 25.1886
752 25.2206
753 25.2523
754 25.2843
755 25.3166
756 25.3486
757 25.3806
758 25.4126
759 25.4443
760 25.4766
761 25.5088
762 25.5407
763 25.5885
764 25.6205
765 25.6526
766 25.6846
767 25.7166
768 25.7486
769 25.7807
770 25.8126
771 25.8443
772 25.8763
773 25.9087
774 25.9409
775 25.9882
776 26.0205
777 26.0525
778 26.0843
779 26.1166
780 26.1484
781 26.1806
782 26.2125
783 26.2446
784 26.2766
785 26.3085
786 26.3408
787 26.3886
788 26.4205
789 26.4525
790 26.4846
791 26.5166
792 26.5485
793 26.5806
794 26.6126
795 26.6445
796 26.6764
797 26.7085
798 26.7408
799 26.7729
800 26.8203
801 26.8525
802 26.8845
803 26.9165
804 26.9482
805 26.9805
806 27.0125
807 27.0445
808 27.0765
809 27.1086
810 27.1408
811 27.1728
812 27.2205
813 27.2524
814 27.2845
815 27.3165
816 27.3485
817 27.3805
818 27.4125
819 27.4446
820 27.4765
821 27.5085
822 27.5407
823 27.5725
824 27.6204
825 27.6524
826 27.6845
827 27.7164
828 27.7486
829 27.7805
830 27.8122
831 27.8444
832 27.8761
833 27.9085
834 27.9404
835 27.9727
836 28.0042
837 28.0524
838 28.0844
839 28.1165
840 28.1481
841 28.1803
842 28.2125
843 28.2445
844 28.2765
845 28.3086
846 28.3405
847 28.3727
848 28.4045
849 28.4525
850 28.4843
851 28.5164
852 28.5484
853 28.5804
854 28.6124
855 28.6444
856 28.6764
857 28.7084
858 28.7404
859 28.7727
860 28.8045
861 28.8524
862 28.8844
863 28.9164
864 28.9484
865 28.9801
866 29.0124
867 29.0444
868 29.0764
869 29.1084
870 29.1404
871 29.173
872 29.2047
873 29.2364
874 29.2844
875 29.3163
876 29.3484
877 29.3804
878 29.4124
879 29.4441
880 29.4764
881 29.5084
882 29.5404
883 29.5726
884 29.6046
885 29.6364
886 29.6844
887 29.7216
888 29.7484
889 29.7804
890 29.8124
891 29.8444
892 29.8763
893 29.9084
894 29.9404
895 29.9726
896 30.0046
897 30.0363
898 30.0682
899 30.1163
900 30.1479
901 30.1804
902 30.2123
903 30.2444
904 30.2763
905 30.3083
906 30.3403
907 30.3724
908 30.4048
909 30.4364
910 30.4683
911 30.5162
912 30.5483
913 30.5803
914 30.6123
915 30.6443
916 30.676
917 30.7083
918 30.7403
919 30.7722
920 30.8047
921 30.8362
922 30.8683
923 30.9163
924 30.9483
925 30.9803
926 31.0123
927 31.0442
928 31.076
929 31.1083
930 31.1403
931 31.1723
932 31.2046
933 31.2366
934 31.2683
935 31.3001
936 31.3798
937 31.4118
938 31.4438
939 31.4767
940 31.5082
941 31.5401
942 31.5722
943 31.6046
944 31.6365
945 31.6682
946 31.7
947 31.7481
948 31.7802
949 31.8122
950 31.8442
951 31.8759
952 31.9082
953 31.9399
954 31.9722
955 32.0044
956 32.0365
957 32.0682
958 32.1002
959 32.148
960 32.1801
961 32.2122
962 32.2439
963 32.2762
964 32.3082
965 32.3402
966 32.3722
967 32.4044
968 32.4365
969 32.4682
970 32.5002
971 32.5322
972 32.5803
973 32.6119
974 32.6442
975 32.6762
976 32.7079
977 32.74
978 32.7721
979 32.8042
980 32.8365
981 32.8689
982 32.9001
983 32.9321
984 32.9801
985 33.0121
986 33.0441
987 33.0761
988 33.1081
989 33.1401
990 33.1721
991 33.2041
992 33.2364
993 33.2682
994 33.3001
995 33.3321
996 33.3802
997 33.412
998 33.4441
999 33.4761
1000 33.5082
1001 33.5401
1002 33.5721
1003 33.6041
1004 33.6365
1005 33.6684
1006 33.7001
1007 33.7321
1008 33.7641
1009 33.8122
1010 33.844
1011 33.8761
1012 33.9081
1013 33.9401
1014 33.972
1015 34.0039
1016 34.0362
1017 34.0683
1018 34.0999
1019 34.1321
1020 34.1641
1021 34.2121
1022 34.244
1023 34.2761
1024 34.3082
1025 34.3398
1026 34.372
1027 34.404
1028 34.4363
1029 34.4683
1030 34.5001
1031 34.5321
1032 34.564
1033 34.5961
1034 34.6441
1035 34.676
1036 34.7081
1037 34.74
1038 34.7718
1039 34.804
1040 34.8362
1041 34.8683
1042 34.9001
1043 34.9322
1044 34.9641
1045 34.9958
1046 35.0437
1047 35.076
1048 35.108
1049 35.14
1050 35.172
1051 35.204
1052 35.2362
1053 35.2683
1054 35.3002
1055 35.332
1056 35.364
1057 35.396
1058 35.4441
1059 35.4759
1060 35.508
1061 35.54
1062 35.572
1063 35.604
1064 35.636
1065 35.6684
1066 35.7001
1067 35.732
1068 35.764
1069 35.796
1070 35.828
1071 35.8757
1072 35.9079
1073 35.94
1074 35.9718
1075 36.004
1076 36.0359
1077 36.0682
1078 36.1003
1079 36.1318
1080 36.164
1081 36.1958
1082 36.228
1083 36.2761
1084 36.308
1085 36.34
1086 36.372
1087 36.404
1088 36.4359
1089 36.4682
1090 36.5002
1091 36.532
1092 36.5637
1093 36.596
1094 36.6279
1095 36.6759
1096 36.7079
1097 36.7397
1098 36.7719
1099 36.8039
1100 36.8359
1101 36.8681
1102 36.9002
1103 36.9319
1104 36.9639
1105 36.9959
1106 37.0279
1107 37.0599
1108 37.108
1109 37.1399
1110 37.1719
1111 37.2039
1112 37.2359
1113 37.2679
1114 37.3002
1115 37.332
1116 37.3637
1117 37.3959
1118 37.4279
1119 37.4599
1120 37.5079
1121 37.5399
1122 37.5719
1123 37.6039
1124 37.6359
1125 37.6679
1126 37.7003
1127 37.732
1128 37.7639
1129 37.7959
1130 37.8279
1131 37.8599
1132 37.908
1133 37.9397
1134 37.9719
1135 38.0039
1136 38.0359
1137 38.0679
1138 38.1003
1139 38.1322
1140 38.1639
1141 38.1959
1142 38.2279
1143 38.26
1144 38.2919
1145 38.3399
1146 38.3719
1147 38.404
1148 38.4359
1149 38.4679
1150 38.4999
1151 38.5321
1152 38.5639
1153 38.5956
1154 38.6279
1155 38.6599
1156 38.6919
1157 38.7399
1158 38.7715
1159 38.804
1160 38.8358
1161 38.8678
1162 38.9
1163 38.9321
1164 38.9639
1165 38.9959
1166 39.0279
1167 39.0599
1168 39.0919
1169 39.1397
1170 39.1718
1171 39.2039
1172 39.2355
1173 39.2678
1174 39.2998
1175 39.3321
1176 39.3638
1177 39.3959
1178 39.4279
1179 39.4599
1180 39.4918
1181 39.5238
1182 39.5716
1183 39.6038
1184 39.6358
1185 39.6675
1186 39.6999
1187 39.7321
1188 39.7639
1189 39.7958
1190 39.8284
1191 39.8599
1192 39.8953
1193 39.9318
1194 39.9718
1195 40.0038
1196 40.0358
1197 40.0678
1198 40.0998
1199 40.1322
1200 40.1641
1201 40.1958
1202 40.2278
1203 40.2598
1204 40.2915
1205 40.3238
1206 40.3558
1207 40.4038
1208 40.4358
1209 40.4677
1210 40.4995
1211 40.5318
1212 40.5639
1213 40.5958
1214 40.6278
1215 40.6598
1216 40.6918
1217 40.7238
1218 40.7558
1219 40.8038
1220 40.8358
1221 40.8678
1222 40.8997
1223 40.9319
1224 40.9638
1225 40.9955
1226 41.0278
1227 41.0597
1228 41.0917
1229 41.1237
1230 41.1557
1231 41.2037
1232 41.2358
1233 41.2678
1234 41.2994
1235 41.3318
1236 41.3638
1237 41.3958
1238 41.4278
1239 41.4598
1240 41.4918
1241 41.5237
1242 41.5557
1243 41.5877
1244 41.6357
1245 41.6674
1246 41.6998
1247 41.7319
1248 41.7638
1249 41.7957
1250 41.8277
1251 41.8597
1252 41.8917
1253 41.9237
1254 41.9557
1255 41.9877
1256 42.0355
1257 42.0677
1258 42.0997
1259 42.1317
1260 42.164
1261 42.1954
1262 42.2277
1263 42.2598
1264 42.2917
1265 42.3238
1266 42.3557
1267 42.3877
1268 42.4357
1269 42.4677
1270 42.4997
1271 42.5317
1272 42.564
1273 42.596
1274 42.6277
1275 42.6597
1276 42.6917
1277 42.7237
1278 42.7557
1279 42.7877
1280 42.8198
1281 42.8677
1282 42.8993
1283 42.9317
1284 42.9641
1285 42.996
1286 43.0277
1287 43.0593
1288 43.0917
1289 43.1237
1290 43.1556
1291 43.1876
1292 43.2196
1293 43.2678
1294 43.2996
1295 43.3316
1296 43.3637
1297 43.3959
1298 43.4276
1299 43.4596
1300 43.4916
1301 43.5233
1302 43.5556
1303 43.5877
1304 43.6196
1305 43.6676
1306 43.6996
1307 43.7313
1308 43.7633
1309 43.7959
1310 43.8273
1311 43.8596
1312 43.8913
1313 43.9236
1314 43.9556
1315 43.9876
1316 44.0196
1317 44.0516
1318 44.0994
1319 44.1316
1320 44.1635
1321 44.1959
1322 44.2277
1323 44.2593
1324 44.2916
1325 44.3236
1326 44.3553
1327 44.3876
1328 44.4196
1329 44.4512
1330 44.4996
1331 44.5316
1332 44.5635
1333 44.5959
1334 44.6279
1335 44.6596
1336 44.6915
1337 44.7236
1338 44.7555
1339 44.7875
1340 44.8195
1341 44.8515
1342 44.8835
1343 44.9311
1344 44.9635
1345 44.9958
1346 45.0278
1347 45.0594
1348 45.0915
1349 45.1236
1350 45.1555
1351 45.1875
1352 45.2195
1353 45.2515
1354 45.2835
1355 45.3315
1356 45.3632
1357 45.3958
1358 45.4279
1359 45.4595
1360 45.4915
1361 45.5235
1362 45.5555
1363 45.5875
1364 45.6195
1365 45.6515
1366 45.6835
1367 45.7313
1368 45.7634
1369 45.7952
1370 45.8275
1371 45.8595
1372 45.8914
1373 45.9233
1374 45.9555
1375 45.9875
1376 46.0195
1377 46.0515
1378 46.0835
1379 46.1154
1380 46.1631
1381 46.1953
1382 46.2277
1383 46.2592
1384 46.2915
1385 46.3234
1386 46.3554
1387 46.3871
1388 46.4194
1389 46.4515
1390 46.4834
1391 46.5154
1392 46.5634
1393 46.5954
1394 46.6278
1395 46.6595
1396 46.6914
1397 46.7234
1398 46.7554
1399 46.7871
1400 46.8191
1401 46.8514
1402 46.8834
1403 46.9155
1404 46.9631
1405 46.9954
1406 47.0277
1407 47.0597
1408 47.0911
1409 47.1235
1410 47.1554
1411 47.1874
1412 47.2194
1413 47.2514
1414 47.2831
1415 47.3154
1416 47.3474
1417 47.3952
1418 47.4273
1419 47.4595
1420 47.4911
1421 47.5234
1422 47.5554
1423 47.5874
1424 47.6193
1425 47.6514
1426 47.6965
1427 47.7153
1428 47.7471
1429 47.7977
1430 47.8275
1431 47.8596
1432 47.8955
1433 47.9234
1434 47.9554
1435 47.9956
1436 48.0194
1437 48.0512
1438 48.0833
1439 48.1153
1440 48.1473
1441 48.1951
1442 48.2274
1443 48.2595
1444 48.2915
1445 48.3231
1446 48.3553
1447 48.3873
1448 48.4191
1449 48.4513
1450 48.4833
1451 48.5151
1452 48.5471
1453 48.5793
1454 48.6274
1455 48.6596
1456 48.6913
1457 48.7231
1458 48.7552
1459 48.7871
1460 48.8193
1461 48.8513
1462 48.8833
1463 48.9151
1464 48.9473
1465 48.9793
1466 49.0271
1467 49.0596
1468 49.0916
1469 49.1233
1470 49.1552
1471 49.1874
1472 49.2193
1473 49.2511
1474 49.2833
1475 49.3152
1476 49.3471
1477 49.3793
1478 49.427
1479 49.4595
1480 49.4916
1481 49.5233
1482 49.5552
1483 49.5872
1484 49.6193
1485 49.6512
1486 49.6832
1487 49.7152
1488 49.7473
1489 49.7792
1490 49.8112
1491 49.8592
1492 49.8915
1493 49.9232
1494 49.9553
1495 49.9872
1496 50.0193
1497 50.0512
1498 50.0832
1499 50.1151
1500 50.1472
1501 50.1792
1502 50.2112
1503 50.2591
1504 50.2914
1505 50.323
1506 50.3551
1507 50.3872
1508 50.4192
1509 50.4512
1510 50.4831
1511 50.5152
1512 50.5472
1513 50.5794
1514 50.611
1515 50.6433
1516 50.6909
1517 50.7232
1518 50.7552
1519 50.7872
1520 50.8193
1521 50.8511
1522 50.8831
1523 50.9152
1524 50.9472
1525 50.9792
1526 51.0112
1527 51.0432
1528 51.0908
1529 51.1235
1530 51.1552
1531 51.1872
1532 51.2191
1533 51.2511
1534 51.2832
1535 51.3151
1536 51.347
1537 51.379
1538 51.4112
1539 51.443
1540 51.4908
1541 51.5235
1542 51.5551
1543 51.5871
1544 51.6193
1545 51.6509
1546 51.6829
1547 51.7151
1548 51.7471
1549 51.7793
1550 51.811
1551 51.8431
1552 51.8749
1553 51.9229
1554 51.9549
1555 51.987
1556 52.0189
1557 52.0512
1558 52.0833
1559 52.1151
1560 52.1471
1561 52.1791
1562 52.2112
1563 52.2431
1564 52.2748
1565 52.3231
1566 52.3551
1567 52.3871
1568 52.4191
1569 52.4511
1570 52.4832
1571 52.515
1572 52.5471
1573 52.5791
1574 52.6108
1575 52.6431
1576 52.6749
1577 52.723
1578 52.7551
1579 52.7872
1580 52.8189
1581 52.8513
1582 52.8831
1583 52.9151
1584 52.9471
1585 52.9791
1586 53.0111
1587 53.0428
1588 53.0748
1589 53.1073
1590 53.155
1591 53.187
1592 53.2191
1593 53.2511
1594 53.2831
1595 53.3152
1596 53.3471
1597 53.3791
1598 53.4108
1599 53.4431
1600 53.4751
1601 53.5071
1602 53.5548
1603 53.587
1604 53.619
1605 53.651
1606 53.683
1607 53.7151
1608 53.7471
1609 53.7791
1610 53.8111
1611 53.8432
1612 53.875
1613 53.9068
1614 53.955
1615 53.987
1616 54.0191
1617 54.0511
1618 54.083
1619 54.1151
1620 54.147
1621 54.1791
1622 54.211
1623 54.243
1624 54.275
1625 54.307
1626 54.3396
1627 54.3871
1628 54.419
1629 54.4508
1630 54.4829
1631 54.515
1632 54.547
1633 54.579
1634 54.611
1635 54.643
1636 54.6747
1637 54.707
1638 54.7393
1639 54.787
1640 54.819
1641 54.8507
1642 54.883
1643 54.9147
1644 54.947
1645 54.979
1646 55.011
1647 55.043
1648 55.075
1649 55.107
1650 55.1392
1651 55.1868
1652 55.2189
1653 55.251
1654 55.283
1655 55.3149
1656 55.347
1657 55.379
1658 55.411
1659 55.4431
1660 55.4752
1661 55.5069
1662 55.5389
1663 55.5712
1664 55.6186
1665 55.6509
1666 55.683
1667 55.715
1668 55.7469
1669 55.779
1670 55.811
1671 55.843
1672 55.8749
1673 55.9071
1674 55.9389
1675 55.9711
1676 56.0189
1677 56.0509
1678 56.083
1679 56.1149
1680 56.147
1681 56.1789
1682 56.211
1683 56.2429
1684 56.2749
1685 56.3067
1686 56.3389
1687 56.3712
1688 56.403
1689 56.4509
1690 56.4827
1691 56.5149
1692 56.5466
1693 56.5786
1694 56.6109
1695 56.6429
1696 56.6749
1697 56.707
1698 56.7389
1699 56.7712
1700 56.8032
1701 56.8509
1702 56.8829
1703 56.9149
1704 56.9469
1705 56.9789
1706 57.0109
1707 57.0429
1708 57.075
1709 57.1069
1710 57.1389
1711 57.1713
1712 57.2032
1713 57.2507
1714 57.2826
1715 57.3148
1716 57.3469
1717 57.3788
1718 57.4109
1719 57.4426
1720 57.4748
1721 57.5069
1722 57.5386
1723 57.5711
1724 57.6031
1725 57.6349
1726 57.6825
1727 57.7148
1728 57.7469
1729 57.7789
1730 57.8109
1731 57.8429
1732 57.8749
1733 57.9068
1734 57.9389
1735 57.9709
1736 58.0033
1737 58.0348
1738 58.0828
1739 58.1148
1740 58.1468
1741 58.1789
1742 58.2108
1743 58.2425
1744 58.2748
1745 58.3068
1746 58.3388
1747 58.3707
1748 58.4031
1749 58.4349
1750 58.4828
1751 58.5148
1752 58.5468
1753 58.5788
1754 58.6108
1755 58.6425
1756 58.6748
1757 58.7068
1758 58.7385
1759 58.7708
1760 58.803
1761 58.8351
1762 58.8669
1763 58.9462
1764 58.9783
1765 59.0103
1766 59.0427
1767 59.0751
1768 59.1067
1769 59.1384
1770 59.1708
1771 59.203
1772 59.2351
1773 59.2664
1774 59.3148
1775 59.3467
1776 59.3787
1777 59.4105
1778 59.4424
1779 59.4747
1780 59.5064
1781 59.5387
1782 59.5704
1783 59.603
1784 59.635
1785 59.6668
1786 59.7144
1787 59.7466
1788 59.7787
1789 59.8107
1790 59.8428
1791 59.8747
1792 59.9067
1793 59.9387
1794 59.9707
1795 60.0029
1796 60.0352
1797 60.0667
1798 60.0988
1799 60.1467
1800 60.1786
1801 60.2107
1802 60.2427
1803 60.2744
1804 60.3067
1805 60.3387
1806 60.3707
1807 60.4027
1808 60.4347
1809 60.4667
1810 60.4987
1811 60.5467
1812 60.5786
1813 60.6106
1814 60.6427
1815 60.6747
1816 60.7066
1817 60.7387
1818 60.7707
1819 60.8026
1820 60.835
1821 60.8667
1822 60.8987
1823 60.9307
1824 60.9785
1825 61.0106
1826 61.0427
1827 61.0747
1828 61.1066
1829 61.1387
1830 61.1703
1831 61.2023
1832 61.235
1833 61.2669
1834 61.2986
1835 61.3304
1836 61.3785
1837 61.4103
1838 61.4426
1839 61.4746
1840 61.5066
1841 61.5386
1842 61.5706
1843 61.6026
1844 61.6349
1845 61.6669
1846 61.6986
1847 61.7303
1848 61.7783
1849 61.8106
1850 61.8426
1851 61.8746
1852 61.9066
1853 61.9388
1854 61.9704
1855 62.0026
1856 62.0348
1857 62.0669
1858 62.0986
1859 62.1306
1860 62.1626
1861 62.2104
1862 62.2425
1863 62.2746
1864 62.3066
1865 62.3384
1866 62.3706
1867 62.4026
1868 62.4346
1869 62.4669
1870 62.4987
1871 62.5305
1872 62.5626
1873 62.6105
1874 62.6426
1875 62.6744
1876 62.7066
1877 62.7385
1878 62.7705
1879 62.8026
1880 62.8345
1881 62.8669
1882 62.8986
1883 62.9306
1884 62.9625
1885 63.0105
1886 63.0424
1887 63.0746
1888 63.1065
1889 63.1382
1890 63.1705
1891 63.2025
1892 63.2344
1893 63.2672
1894 63.2983
1895 63.3302
1896 63.3625
1897 63.3945
1898 63.4423
1899 63.4744
1900 63.5065
1901 63.5384
1902 63.5705
1903 63.6025
1904 63.6344
1905 63.6667
1906 63.6988
1907 63.7305
1908 63.7625
1909 63.7943
1910 63.8425
1911 63.8744
1912 63.9065
1913 63.9386
1914 63.9703
1915 64.0025
1916 64.0343
1917 64.0668
1918 64.0987
1919 64.1303
1920 64.1624
1921 64.1944
1922 64.2422
1923 64.2744
1924 64.3064
1925 64.3384
1926 64.3702
1927 64.4024
1928 64.4345
1929 64.4666
1930 64.4988
1931 64.5304
1932 64.5624
1933 64.5944
1934 64.6263
1935 64.6745
1936 64.7064
1937 64.7384
1938 64.7702
1939 64.8025
1940 64.8342
1941 64.8662
1942 64.8988
1943 64.9302
1944 64.9624
1945 64.9944
1946 65.0264
1947 65.0743
1948 65.1064
1949 65.1384
1950 65.1702
1951 65.2024
1952 65.2344
1953 65.2661
1954 65.2987
1955 65.3304
1956 65.3624
1957 65.3944
1958 65.4262
1959 65.4745
1960 65.5063
1961 65.5384
1962 65.5704
1963 65.6021
1964 65.6344
1965 65.6663
1966 65.6988
1967 65.7307
1968 65.7625
1969 65.7945
1970 65.8263
1971 65.8585
1972 65.9062
1973 65.9385
1974 65.9705
1975 66.0023
1976 66.0341
1977 66.0663
1978 66.0986
1979 66.1306
1980 66.1622
1981 66.1942
1982 66.2262
1983 66.2583
1984 66.3062
1985 66.3382
1986 66.3704
1987 66.4023
1988 66.4345
1989 66.4663
1990 66.4985
1991 66.5307
1992 66.5623
1993 66.5943
1994 66.6265
1995 66.6581
1996 66.6903
1997 66.7383
1998 66.7704
1999 66.8023
2000 66.8343
2001 66.8662
2002 66.8982
2003 66.9306
2004 66.9623
2005 66.9943
2006 67.0263
2007 67.0583
2008 67.0903
2009 67.138
2010 67.1703
2011 67.2023
2012 67.234
2013 67.2663
2014 67.298
2015 67.3309
2016 67.3624
2017 67.3943
2018 67.4263
2019 67.4583
2020 67.4903
2021 67.5383
2022 67.5703
2023 67.6021
2024 67.6342
2025 67.6663
2026 67.6983
2027 67.7306
2028 67.7626
2029 67.7942
2030 67.8263
2031 67.8585
2032 67.8902
2033 67.9223
2034 67.97
2035 68.0023
2036 68.0343
2037 68.0664
2038 68.0982
2039 68.1305
2040 68.1625
2041 68.1943
2042 68.2263
2043 68.2582
2044 68.2902
2045 68.322
2046 68.3701
2047 68.4022
2048 68.4342
2049 68.4662
2050 68.4982
2051 68.5304
2052 68.5625
2053 68.5942
2054 68.6262
2055 68.6581
2056 68.6902
2057 68.7222
2058 68.7703
2059 68.8022
2060 68.8342
2061 68.866
2062 68.8982
2063 68.9302
2064 68.9625
2065 68.9942
2066 69.0262
2067 69.0582
2068 69.0902
2069 69.1222
2070 69.1542
2071 69.2021
2072 69.2342
2073 69.266
2074 69.2983
2075 69.3301
2076 69.3625
2077 69.3943
2078 69.4262
2079 69.4582
2080 69.4902
2081 69.5222
2082 69.5542
2083 69.602
2084 69.6342
2085 69.6662
2086 69.6982
2087 69.73
2088 69.7625
2089 69.794
2090 69.8262
2091 69.8582
2092 69.8902
2093 69.9222
2094 69.9539
2095 70.0018
2096 70.0342
2097 70.066
2098 70.0982
2099 70.1302
2100 70.1625
2101 70.1945
2102 70.2262
2103 70.2582
2104 70.2902
2105 70.322
2106 70.3542
2107 70.3862
2108 70.4338
2109 70.4661
2110 70.4983
2111 70.5298
2112 70.5624
2113 70.5944
2114 70.626
2115 70.6583
2116 70.6898
2117 70.7222
2118 70.7541
2119 70.7858
2120 70.8342
2121 70.866
2122 70.8981
2123 70.9298
2124 70.9622
2125 70.9944
2126 71.0262
2127 71.0578
2128 71.0901
2129 71.1222
2130 71.1541
2131 71.1861
2132 71.2181
2133 71.2658
2134 71.2978
2135 71.3298
2136 71.3617
2137 71.3943
2138 71.4258
2139 71.4581
2140 71.4897
2141 71.5221
2142 71.5668
2143 71.5861
2144 71.6181
2145 71.6687
2146 71.6981
2147 71.7302
2148 71.7666
2149 71.7944
2150 71.8262
2151 71.8661
2152 71.8901
2153 71.9221
2154 71.9541
2155 71.9861
2156 72.0181
2157 72.0657
2158 72.0981
2159 72.13
2160 72.162
2161 72.1944
2162 72.2263
2163 72.258
2164 72.2901
2165 72.3221
2166 72.3541
2167 72.386
2168 72.418
2169 72.4497
2170 72.4981
2171 72.5301
2172 72.5621
2173 72.5943
2174 72.6263
2175 72.658
2176 72.6902
2177 72.7221
2178 72.7542
2179 72.7861
2180 72.8177
2181 72.8501
2182 72.8979
2183 72.9301
2184 72.9621
2185 72.9943
2186 73.0264
2187 73.058
2188 73.09
2189 73.1217
2190 73.154
2191 73.1861
2192 73.218
2193 73.25
2194 73.2977
2195 73.332
2196 73.3617
2197 73.3941
2198 73.4311
2199 73.4582
2200 73.49
2201 73.5313
2202 73.554
2203 73.586
2204 73.631
2205 73.65
2206 73.682
2207 73.7296
2208 73.762
2209 73.7941
2210 73.8262
2211 73.8581
2212 73.89
2213 73.922
2214 73.9537
2215 73.986
2216 74.0176
2217 74.05
2218 74.082
2219 74.1296
2220 74.1619
2221 74.1939
2222 74.2262
2223 74.2583
2224 74.2901
2225 74.3221
2226 74.354
2227 74.3859
2228 74.4179
2229 74.45
2230 74.482
2231 74.5299
2232 74.5619
2233 74.5939
2234 74.6262
2235 74.6583
2236 74.6899
2237 74.722
2238 74.7539
2239 74.7859
2240 74.8178
2241 74.8499
2242 74.8819
2243 74.9139
2244 74.9616
2245 74.9939
2246 75.0261
2247 75.0581
2248 75.0899
2249 75.1219
2250 75.1539
2251 75.1859
2252 75.2179
2253 75.2499
2254 75.2819
2255 75.3138
2256 75.3618
2257 75.3935
2258 75.426
2259 75.4582
2260 75.4899
2261 75.5219
2262 75.5538
2263 75.5859
2264 75.6178
2265 75.6499
2266 75.6948
2267 75.7139
2268 75.7619
2269 75.7962
2270 75.8255
2271 75.8582
2272 75.8899
2273 75.9215
2274 75.9538
2275 75.9859
2276 76.0179
2277 76.0499
2278 76.0818
2279 76.1139
2280 76.1458
2281 76.1937
2282 76.2258
2283 76.2581
2284 76.2899
2285 76.3218
2286 76.3538
2287 76.3859
2288 76.4179
2289 76.4498
2290 76.4818
2291 76.5138
2292 76.5455
2293 76.5937
2294 76.6258
2295 76.6578
2296 76.6896
2297 76.7218
2298 76.7538
2299 76.7858
2300 76.8178
2301 76.8495
2302 76.8818
2303 76.9135
2304 76.9458
2305 76.9778
2306 77.0254
2307 77.0582
2308 77.09
2309 77.1218
2310 77.1538
2311 77.1858
2312 77.2178
2313 77.2498
2314 77.2818
2315 77.3138
2316 77.3454
2317 77.3778
2318 77.4259
2319 77.4576
2320 77.4899
2321 77.5218
2322 77.5538
2323 77.5858
2324 77.6178
2325 77.6497
2326 77.6818
2327 77.7138
2328 77.7457
2329 77.7778
2330 77.8257
2331 77.8578
2332 77.8901
2333 77.9215
2334 77.9537
2335 77.9857
2336 78.0177
2337 78.0497
2338 78.0817
2339 78.1138
2340 78.1454
2341 78.1777
2342 78.2097
2343 78.2573
2344 78.2901
2345 78.3218
2346 78.3537
2347 78.3857
2348 78.4177
2349 78.4498
2350 78.4814
2351 78.5137
2352 78.5457
2353 78.5777
2354 78.6098
2355 78.6576
2356 78.69
2357 78.722
2358 78.7536
2359 78.7854
2360 78.8177
2361 78.8497
2362 78.8817
2363 78.9137
2364 78.9457
2365 78.9776
2366 79.0096
2367 79.0573
2368 79.0899
2369 79.122
2370 79.1536
2371 79.1857
2372 79.2177
2373 79.2495
2374 79.2815
2375 79.3137
2376 79.3456
2377 79.3776
2378 79.4096
2379 79.4415
2380 79.4894
2381 79.5219
2382 79.5536
2383 79.5856
2384 79.6176
2385 79.6496
2386 79.6816
2387 79.7136
2388 79.7456
2389 79.7778
2390 79.8098
2391 79.8415
2392 79.8894
2393 79.9219
2394 79.9537
2395 79.9856
2396 80.0176
2397 80.0495
2398 80.0816
2399 80.1136
2400 80.1456
2401 80.1773
2402 80.2096
2403 80.2417
2404 80.2896
2405 80.3219
2406 80.3536
2407 80.3856
2408 80.4176
2409 80.4493
2410 80.4816
2411 80.5136
2412 80.5455
2413 80.5773
2414 80.6096
2415 80.6417
2416 80.6737
2417 80.7215
2418 80.7537
2419 80.7855
2420 80.8177
2421 80.8495
2422 80.8816
2423 80.9136
2424 80.9456
2425 80.9776
2426 81.0095
2427 81.0416
2428 81.0736
2429 81.1215
2430 81.1538
2431 81.1856
2432 81.2175
2433 81.2495
2434 81.2815
2435 81.3135
2436 81.3456
2437 81.3776
2438 81.4093
2439 81.4415
2440 81.4733
2441 81.5055
2442 81.5533
2443 81.5855
2444 81.6175
2445 81.6493
2446 81.6815
2447 81.7135
2448 81.7455
2449 81.7775
2450 81.8092
2451 81.8415
2452 81.8736
2453 81.9055
2454 81.9532
2455 81.9854
2456 82.0175
2457 82.0495
2458 82.0813
2459 82.1133
2460 82.1454
2461 82.1775
2462 82.2092
2463 82.2414
2464 82.2733
2465 82.3053
2466 82.3535
2467 82.3855
2468 82.4176
2469 82.4493
2470 82.4815
2471 82.5135
2472 82.5455
2473 82.5774
2474 82.6096
2475 82.6414
2476 82.6735
2477 82.7054
2478 82.7377
2479 82.7853
2480 82.8174
2481 82.8495
2482 82.8814
2483 82.9135
2484 82.9455
2485 82.9774
2486 83.0094
2487 83.0415
2488 83.0734
2489 83.1054
2490 83.1376
2491 83.1851
2492 83.2173
2493 83.2494
2494 83.2814
2495 83.3134
2496 83.3454
2497 83.3773
2498 83.4094
2499 83.4413
2500 83.4736
2501 83.5055
2502 83.5374
2503 83.5854
2504 83.6174
2505 83.6494
2506 83.6814
2507 83.7132
2508 83.7454
2509 83.7774
2510 83.8094
2511 83.8414
2512 83.8732
2513 83.9056
2514 83.9371
2515 83.9697
2516 84.0173
2517 84.0491
2518 84.0812
2519 84.1134
2520 84.1454
2521 84.1774
2522 84.2094
2523 84.2414
2524 84.2731
2525 84.3054
2526 84.3374
2527 84.3697
2528 84.4174
2529 84.4494
2530 84.4814
2531 84.5134
2532 84.5454
2533 84.5774
2534 84.6094
2535 84.6415
2536 84.6734
2537 84.7054
2538 84.7374
2539 84.7695
2540 84.8174
2541 84.8494
2542 84.8813
2543 84.9134
2544 84.9454
2545 84.9771
2546 85.009
2547 85.0412
2548 85.0732
2549 85.1052
2550 85.1371
2551 85.1695
2552 85.2017
2553 85.249
2554 85.2813
2555 85.3133
2556 85.3453
2557 85.3774
2558 85.4094
2559 85.4413
2560 85.4732
2561 85.5055
2562 85.5373
2563 85.5692
2564 85.6016
2565 85.6493
2566 85.6813
2567 85.7133
2568 85.7453
2569 85.7773
2570 85.8093
2571 85.8413
2572 85.8735
2573 85.9053
2574 85.9373
2575 85.9692
2576 86.0016
2577 86.049
2578 86.0812
2579 86.1134
2580 86.1453
2581 86.1773
2582 86.2091
2583 86.2411
2584 86.2733
2585 86.3053
2586 86.3373
2587 86.369
2588 86.4016
2589 86.4336
2590 86.5129
2591 86.5452
2592 86.5773
2593 86.6093
2594 86.6411
2595 86.6733
2596 86.705
2597 86.7373
2598 86.7694
2599 86.8014
2600 86.8335
2601 86.8812
2602 86.9129
2603 86.9453
2604 86.9773
2605 87.0093
2606 87.0413
2607 87.0732
2608 87.1053
2609 87.1373
2610 87.1692
2611 87.2014
2612 87.2335
2613 87.2653
2614 87.3129
2615 87.3449
2616 87.3773
2617 87.4089
2618 87.4413
2619 87.4734
2620 87.5053
2621 87.5374
2622 87.5694
2623 87.6015
2624 87.6334
2625 87.6653
2626 87.7132
2627 87.7451
2628 87.7773
2629 87.8092
2630 87.8412
2631 87.8732
2632 87.9052
2633 87.9372
2634 87.9692
2635 88.0009
2636 88.0334
2637 88.0653
2638 88.1129
2639 88.1452
2640 88.1772
2641 88.2092
2642 88.2412
2643 88.2729
2644 88.3052
2645 88.3372
2646 88.3693
2647 88.4012
2648 88.4335
2649 88.4652
2650 88.4972
2651 88.5452
2652 88.5768
2653 88.6092
2654 88.6412
2655 88.6732
2656 88.7052
2657 88.7372
2658 88.7692
2659 88.8012
2660 88.8334
2661 88.8655
2662 88.8968
2663 88.9449
2664 88.9771
2665 89.0091
2666 89.0412
2667 89.0732
2668 89.1051
2669 89.1372
2670 89.1692
2671 89.2012
2672 89.2334
2673 89.2654
2674 89.2972
2675 89.3451
2676 89.377
2677 89.4091
2678 89.4412
2679 89.4731
2680 89.5051
2681 89.5371
2682 89.5692
2683 89.6011
2684 89.6334
2685 89.6654
2686 89.6972
2687 89.7291
2688 89.7767
2689 89.8092
2690 89.8411
2691 89.8731
2692 89.9051
2693 89.9369
2694 89.9691
2695 90.0007
2696 90.0332
2697 90.0654
2698 90.0968
2699 90.1291
2700 90.1771
2701 90.209
2702 90.2411
2703 90.2731
2704 90.3051
2705 90.3372
2706 90.3692
2707 90.4063
2708 90.4331
2709 90.4654
2710 90.4972
2711 90.5287
2712 90.5768
2713 90.609
2714 90.6411
2715 90.673
2716 90.7051
2717 90.7371
2718 90.7691
2719 90.801
2720 90.8327
2721 90.8655
2722 90.8973
2723 90.9291
2724 90.961
2725 91.009
2726 91.0409
2727 91.0729
2728 91.1051
2729 91.137
2730 91.1691
2731 91.2011
2732 91.2327
2733 91.2652
2734 91.2975
2735 91.3291
2736 91.3611
2737 91.4087
2738 91.4406
2739 91.473
2740 91.505
2741 91.537
2742 91.5687
2743 91.6007
2744 91.633
2745 91.6652
2746 91.6971
2747 91.729
2748 91.761
2749 91.809
2750 91.8409
2751 91.873
2752 91.905
2753 91.937
2754 91.969
2755 92.0009
2756 92.033
2757 92.0651
2758 92.0973
2759 92.129
2760 92.1609
2761 92.193
2762 92.2408
2763 92.2729
2764 92.305
2765 92.337
2766 92.369
2767 92.4009
2768 92.4332
2769 92.4649
2770 92.4973
2771 92.529
2772 92.5607
2773 92.593
2774 92.641
2775 92.6729
2776 92.7049
2777 92.7369
2778 92.769
2779 92.8009
2780 92.8329
2781 92.8649
2782 92.8973
2783 92.9292
2784 92.9606
2785 92.993
2786 93.0246
2787 93.0726
2788 93.1047
2789 93.1369
2790 93.1689
2791 93.2006
2792 93.2329
2793 93.2649
2794 93.2972
2795 93.329
2796 93.3608
2797 93.3929
2798 93.4249
2799 93.4727
2800 93.5048
2801 93.5369
2802 93.5686
2803 93.6006
2804 93.6329
2805 93.6646
2806 93.6971
2807 93.7291
2808 93.7609
2809 93.7926
2810 93.8246
2811 93.8729
2812 93.9047
2813 93.9369
2814 93.9689
2815 94.0009
2816 94.0329
2817 94.0648
2818 94.0971
2819 94.1292
2820 94.1609
2821 94.1929
2822 94.2246
2823 94.2567
2824 94.3048
2825 94.3368
2826 94.3688
2827 94.4008
2828 94.4329
2829 94.4645
2830 94.4968
2831 94.5291
2832 94.5608
2833 94.5928
2834 94.6248
2835 94.6566
2836 94.7045
2837 94.7367
2838 94.7688
2839 94.8008
2840 94.8328
2841 94.8648
2842 94.8967
2843 94.9291
2844 94.9612
2845 94.9928
2846 95.0246
2847 95.0566
2848 95.1048
2849 95.1368
2850 95.1687
2851 95.2008
2852 95.2328
2853 95.2648
2854 95.2968
2855 95.3291
2856 95.3606
2857 95.3928
2858 95.4248
2859 95.4568
2860 95.4888
2861 95.5366
2862 95.5685
2863 95.6007
2864 95.6325
2865 95.6649
2866 95.6968
2867 95.729
2868 95.761
2869 95.7927
2870 95.8248
2871 95.8568
2872 95.8887
2873 95.9366
2874 95.9687
2875 96.0009
2876 96.0326
2877 96.0647
2878 96.0966
2879 96.1289
2880 96.161
2881 96.1925
2882 96.2247
2883 96.2567
2884 96.2887
2885 96.3366
2886 96.3687
2887 96.4007
2888 96.4327
2889 96.4645
2890 96.4967
2891 96.5288
2892 96.561
2893 96.5927
2894 96.6247
2895 96.6568
2896 96.6887
2897 96.7207
2898 96.7684
2899 96.8006
2900 96.8325
2901 96.8645
2902 96.8967
2903 96.9285
2904 96.961
2905 96.9928
2906 97.0247
2907 97.0567
2908 97.0888
2909 97.1207
2910 97.1685
2911 97.2006
2912 97.2327
2913 97.2646
2914 97.2968
2915 97.3286
2916 97.3612
2917 97.3928
2918 97.4246
2919 97.4567
2920 97.4887
2921 97.5206
2922 97.5526
2923 97.6005
2924 97.6327
2925 97.6648
2926 97.6966
2927 97.7287
2928 97.7609
2929 97.7929
2930 97.8244
2931 97.8566
2932 97.8886
2933 97.9208
2934 97.9526
2935 98.0005
2936 98.0326
2937 98.0645
2938 98.0965
2939 98.1286
2940 98.1609
2941 98.1928
2942 98.2248
2943 98.2566
2944 98.2886
2945 98.3206
2946 98.3526
2947 98.4006
2948 98.4325
2949 98.4646
2950 98.4966
2951 98.5286
2952 98.5607
2953 98.5929
2954 98.6246
2955 98.6566
2956 98.6886
2957 98.7207
2958 98.7526
2959 98.7846
2960 98.8323
2961 98.8646
2962 98.8966
2963 98.9286
2964 98.9605
2965 98.9929
2966 99.0246
2967 99.0565
2968 99.0884
2969 99.1203
2970 99.1524
2971 99.1846
2972 99.2323
2973 99.2645
2974 99.2965
2975 99.3283
2976 99.3605
2977 99.3929
2978 99.4246
2979 99.4565
2980 99.4885
2981 99.5206
2982 99.5524
2983 99.5845
2984 99.6324
2985 99.6645
2986 99.6965
2987 99.7284
2988 99.7607
2989 99.7929
2990 99.8249
2991 99.8565
2992 99.8886
2993 99.9206
2994 99.9526
2995 99.9845
2996 100.017
2997 100.064
2998 100.097
2999 100.129
3000 100.16
3001 100.193
3002 100.225
3003 100.257
3004 100.289
3005 100.321
3006 100.352
3007 100.385
3008 100.417
3009 100.465
3010 100.497
3011 100.529
3012 100.56
3013 100.593
3014 100.625
3015 100.657
3016 100.689
3017 100.721
3018 100.752
3019 100.785
3020 100.817
3021 100.865
3022 100.896
3023 100.928
3024 100.96
3025 100.993
3026 101.025
3027 101.056
3028 101.088
3029 101.121
3030 101.152
3031 101.185
3032 101.217
3033 101.248
3034 101.296
3035 101.328
3036 101.36
3037 101.392
3038 101.425
3039 101.456
3040 101.489
3041 101.52
3042 101.552
3043 101.585
3044 101.616
3045 101.648
3046 101.696
3047 101.728
3048 101.76
3049 101.792
3050 101.825
3051 101.856
3052 101.888
3053 101.92
3054 101.952
3055 101.984
3056 102.016
3057 102.048
3058 102.096
3059 102.128
3060 102.16
3061 102.192
3062 102.225
3063 102.257
3064 102.288
3065 102.32
3066 102.352
3067 102.384
3068 102.416
3069 102.448
3070 102.48
3071 102.528
3072 102.56
3073 102.592
3074 102.625
3075 102.657
3076 102.688
3077 102.72
3078 102.752
3079 102.784
3080 102.816
3081 102.848
3082 102.88
3083 102.928
3084 102.961
3085 102.992
3086 103.024
3087 103.057
3088 103.088
3089 103.12
3090 103.152
3091 103.184
3092 103.216
3093 103.248
3094 103.28
3095 103.312
3096 103.36
3097 103.392
3098 103.424
3099 103.457
3100 103.488
3101 103.52
3102 103.552
3103 103.584
3104 103.616
3105 103.648
3106 103.68
3107 103.712
3108 103.76
3109 103.792
3110 103.824
3111 103.857
3112 103.889
3113 103.92
3114 103.952
3115 103.984
3116 104.016
3117 104.048
3118 104.08
3119 104.112
3120 104.16
3121 104.192
3122 104.224
3123 104.257
3124 104.289
3125 104.32
3126 104.352
3127 104.384
3128 104.416
3129 104.448
3130 104.48
3131 104.512
3132 104.544
3133 104.592
3134 104.624
3135 104.657
3136 104.688
3137 104.72
3138 104.752
3139 104.784
3140 104.816
3141 104.848
3142 104.88
3143 104.912
3144 104.944
3145 104.992
3146 105.024
3147 105.056
3148 105.089
3149 105.12
3150 105.152
3151 105.184
3152 105.216
3153 105.248
3154 105.28
3155 105.312
3156 105.344
3157 105.392
3158 105.424
3159 105.456
3160 105.489
3161 105.52
3162 105.552
3163 105.584
3164 105.616
3165 105.648
3166 105.68
3167 105.712
3168 105.744
3169 105.776
3170 105.824
3171 105.856
3172 105.889
3173 105.92
3174 105.952
3175 105.984
3176 106.016
3177 106.048
3178 106.08
3179 106.112
3180 106.144
3181 106.176
3182 106.224
3183 106.256
3184 106.288
3185 106.321
3186 106.352
3187 106.384
3188 106.416
3189 106.448
3190 106.48
3191 106.512
3192 106.544
3193 106.576
3194 106.624
3195 106.656
3196 106.688
3197 106.72
3198 106.752
3199 106.784
3200 106.816
3201 106.848
3202 106.88
3203 106.912
3204 106.944
3205 106.976
3206 107.008
3207 107.056
3208 107.088
3209 107.12
3210 107.152
3211 107.184
3212 107.216
3213 107.248
3214 107.28
3215 107.312
3216 107.344
3217 107.376
3218 107.408
3219 107.456
3220 107.488
3221 107.52
3222 107.552
3223 107.584
3224 107.616
3225 107.648
3226 107.68
3227 107.712
3228 107.744
3229 107.776
3230 107.808
3231 107.84
3232 107.888
3233 107.92
3234 107.952
3235 107.984
3236 108.016
3237 108.048
3238 108.08
3239 108.112
3240 108.144
3241 108.176
3242 108.208
3243 108.24
3244 108.288
3245 108.32
3246 108.352
3247 108.384
3248 108.416
3249 108.448
3250 108.48
3251 108.512
3252 108.544
3253 108.576
3254 108.608
3255 108.64
3256 108.688
3257 108.72
3258 108.752
3259 108.784
3260 108.816
3261 108.848
3262 108.88
3263 108.912
3264 108.944
3265 108.976
3266 109.008
3267 109.04
3268 109.072
3269 109.12
3270 109.152
3271 109.184
3272 109.216
3273 109.248
3274 109.28
3275 109.312
3276 109.344
3277 109.376
3278 109.408
3279 109.44
3280 109.472
3281 109.52
3282 109.552
3283 109.584
3284 109.616
3285 109.648
3286 109.68
3287 109.712
3288 109.744
3289 109.776
3290 109.808
3291 109.84
3292 109.872
3293 109.92
3294 109.952
3295 109.984
3296 110.016
3297 110.048
3298 110.08
3299 110.112
3300 110.144
3301 110.176
3302 110.208
3303 110.24
3304 110.272
3305 110.304
3306 110.352
3307 110.384
3308 110.416
3309 110.448
3310 110.48
3311 110.512
3312 110.544
3313 110.576
3314 110.608
3315 110.64
3316 110.672
3317 110.704
3318 110.752
3319 110.784
3320 110.816
3321 110.848
3322 110.88
3323 110.912
3324 110.944
3325 110.976
3326 111.008
3327 111.04
3328 111.072
3329 111.104
3330 111.152
3331 111.184
3332 111.216
3333 111.248
3334 111.28
3335 111.312
3336 111.344
3337 111.376
3338 111.408
3339 111.44
3340 111.472
3341 111.504
3342 111.536
3343 111.584
3344 111.616
3345 111.648
3346 111.68
3347 111.712
3348 111.744
3349 111.776
3350 111.808
3351 111.84
3352 111.872
3353 111.904
3354 111.936
3355 111.984
3356 112.016
3357 112.048
3358 112.08
3359 112.112
3360 112.144
3361 112.176
3362 112.208
3363 112.24
3364 112.272
3365 112.304
3366 112.336
3367 112.384
3368 112.416
3369 112.448
3370 112.48
3371 112.512
3372 112.544
3373 112.576
3374 112.608
3375 112.64
3376 112.672
3377 112.704
3378 112.736
3379 112.768
3380 112.816
3381 112.848
3382 112.88
3383 112.912
3384 112.944
3385 112.976
3386 113.008
3387 113.04
3388 113.072
3389 113.104
3390 113.136
3391 113.168
3392 113.216
3393 113.248
3394 113.28
3395 113.312
3396 113.344
3397 113.376
3398 113.408
3399 113.44
3400 113.472
3401 113.504
3402 113.536
3403 113.568
3404 113.6
3405 113.648
3406 113.68
3407 113.712
3408 113.744
3409 113.776
3410 113.808
3411 113.84
3412 113.872
3413 113.904
3414 113.936
3415 113.968
3416 114
3417 114.079
3418 114.111
3419 114.143
3420 114.176
3421 114.208
3422 114.24
3423 114.272
3424 114.304
3425 114.336
3426 114.368
3427 114.4
3428 114.447
3429 114.48
3430 114.512
3431 114.544
3432 114.576
3433 114.608
3434 114.64
3435 114.672
3436 114.704
3437 114.736
3438 114.768
3439 114.8
3440 114.832
3441 114.88
3442 114.912
3443 114.944
3444 114.976
3445 115.008
3446 115.04
3447 115.072
3448 115.104
3449 115.136
3450 115.167
3451 115.2
3452 115.232
3453 115.279
3454 115.311
3455 115.344
3456 115.376
3457 115.408
3458 115.44
3459 115.472
3460 115.504
3461 115.536
3462 115.568
3463 115.6
3464 115.632
3465 115.68
3466 115.712
3467 115.744
3468 115.776
3469 115.808
3470 115.84
3471 115.872
3472 115.904
3473 115.935
3474 115.968
3475 116
3476 116.032
3477 116.064
3478 116.112
3479 116.144
3480 116.176
3481 116.208
3482 116.24
3483 116.272
3484 116.304
3485 116.336
3486 116.367
3487 116.4
3488 116.432
3489 116.464
3490 116.511
3491 116.544
3492 116.576
3493 116.608
3494 116.64
3495 116.672
3496 116.704
3497 116.735
3498 116.768
3499 116.799
3500 116.832
3501 116.864
3502 116.912
3503 116.944
3504 116.976
3505 117.008
3506 117.04
3507 117.072
3508 117.104
3509 117.136
3510 117.168
3511 117.2
3512 117.232
3513 117.264
3514 117.296
3515 117.344
3516 117.375
3517 117.408
3518 117.439
3519 117.472
3520 117.504
3521 117.536
3522 117.568
3523 117.6
3524 117.632
3525 117.664
3526 117.696
3527 117.744
3528 117.776
3529 117.808
3530 117.84
3531 117.872
3532 117.904
3533 117.935
3534 117.968
3535 118
3536 118.032
3537 118.064
3538 118.096
3539 118.144
3540 118.176
3541 118.208
3542 118.24
3543 118.272
3544 118.304
3545 118.335
3546 118.367
3547 118.4
3548 118.431
3549 118.464
3550 118.496
3551 118.528
3552 118.576
3553 118.608
3554 118.64
3555 118.672
3556 118.704
3557 118.736
3558 118.768
3559 118.799
3560 118.832
3561 118.864
3562 118.896
3563 118.928
3564 118.976
3565 119.008
3566 119.04
3567 119.072
3568 119.103
3569 119.135
3570 119.167
3571 119.2
3572 119.232
3573 119.264
3574 119.296
3575 119.327
3576 119.36
3577 119.408
3578 119.439
3579 119.472
3580 119.504
3581 119.536
3582 119.568
3583 119.6
3584 119.632
3585 119.663
3586 119.696
3587 119.728
3588 119.76
3589 119.808
3590 119.84
3591 119.871
3592 119.904
3593 119.936
3594 119.968
3595 119.999
3596 120.032
3597 120.063
3598 120.096
3599 120.128
3600 120.159
3601 120.207
3602 120.239
3603 120.271
3604 120.303
3605 120.335
3606 120.367
3607 120.399
3608 120.432
3609 120.463
3610 120.496
3611 120.528
3612 120.559
3613 120.591
3614 120.64
3615 120.672
3616 120.703
3617 120.735
3618 120.767
3619 120.799
3620 120.831
3621 120.863
3622 120.896
3623 120.928
3624 120.959
3625 120.991
3626 121.039
3627 121.071
3628 121.103
3629 121.135
3630 121.167
3631 121.199
3632 121.231
3633 121.263
3634 121.296
3635 121.328
3636 121.359
3637 121.391
3638 121.439
3639 121.471
3640 121.503
3641 121.535
3642 121.567
3643 121.599
3644 121.631
3645 121.663
3646 121.696
3647 121.727
3648 121.759
3649 121.791
3650 121.824
3651 121.871
3652 121.903
3653 121.935
3654 121.967
3655 121.999
3656 122.031
3657 122.063
3658 122.095
3659 122.128
3660 122.159
3661 122.191
3662 122.223
3663 122.271
3664 122.303
3665 122.335
3666 122.367
3667 122.399
3668 122.431
3669 122.463
3670 122.495
3671 122.528
3672 122.559
3673 122.591
3674 122.623
3675 122.671
3676 122.703
3677 122.735
3678 122.767
3679 122.799
3680 122.831
3681 122.863
3682 122.895
3683 122.928
3684 122.96
3685 122.991
3686 123.023
3687 123.055
3688 123.103
3689 123.135
3690 123.167
3691 123.199
3692 123.231
3693 123.263
3694 123.295
3695 123.328
3696 123.359
3697 123.391
3698 123.423
3699 123.455
3700 123.503
3701 123.535
3702 123.567
3703 123.599
3704 123.631
3705 123.663
3706 123.695
3707 123.728
3708 123.76
3709 123.791
3710 123.823
3711 123.855
3712 123.887
3713 123.935
3714 123.967
3715 123.999
3716 124.031
3717 124.063
3718 124.095
3719 124.127
3720 124.16
3721 124.191
3722 124.223
3723 124.255
3724 124.287
3725 124.335
3726 124.367
3727 124.399
3728 124.431
3729 124.463
3730 124.495
3731 124.527
3732 124.56
3733 124.591
3734 124.623
3735 124.655
3736 124.687
3737 124.735
3738 124.767
3739 124.799
3740 124.831
3741 124.863
3742 124.895
3743 124.927
3744 124.96
3745 124.992
3746 125.023
3747 125.055
3748 125.087
3749 125.119
3750 125.167
3751 125.199
3752 125.231
3753 125.263
3754 125.295
3755 125.327
3756 125.359
3757 125.392
3758 125.423
3759 125.455
3760 125.487
3761 125.519
3762 125.567
3763 125.599
3764 125.631
3765 125.663
3766 125.695
3767 125.727
3768 125.759
3769 125.792
3770 125.823
3771 125.855
3772 125.887
3773 125.919
3774 125.967
3775 125.999
3776 126.031
3777 126.063
3778 126.095
3779 126.127
3780 126.159
3781 126.191
3782 126.223
3783 126.255
3784 126.287
3785 126.319
3786 126.351
3787 126.399
3788 126.431
3789 126.463
3790 126.495
3791 126.527
3792 126.559
3793 126.591
3794 126.623
3795 126.655
3796 126.687
3797 126.719
3798 126.751
3799 126.799
3800 126.831
3801 126.863
3802 126.895
3803 126.927
3804 126.959
3805 126.991
3806 127.023
3807 127.055
3808 127.087
3809 127.119
3810 127.151
3811 127.199
3812 127.231
3813 127.263
3814 127.295
3815 127.327
3816 127.359
3817 127.391
3818 127.423
3819 127.455
3820 127.487
3821 127.519
3822 127.551
3823 127.583
3824 127.631
3825 127.663
3826 127.695
3827 127.727
3828 127.759
3829 127.791
3830 127.823
3831 127.855
3832 127.887
3833 127.919
3834 127.951
3835 127.983
3836 128.031
3837 128.063
3838 128.095
3839 128.127
3840 128.159
3841 128.191
3842 128.223
3843 128.255
3844 128.287
3845 128.319
3846 128.351
3847 128.383
3848 128.431
3849 128.463
3850 128.495
3851 128.527
3852 128.559
3853 128.591
3854 128.623
3855 128.655
3856 128.687
3857 128.719
3858 128.751
3859 128.783
3860 128.815
3861 128.863
3862 128.895
3863 128.927
3864 128.959
3865 128.991
3866 129.023
3867 129.055
3868 129.087
3869 129.119
3870 129.151
3871 129.183
3872 129.215
3873 129.263
3874 129.295
3875 129.327
3876 129.359
3877 129.391
3878 129.423
3879 129.455
3880 129.487
3881 129.519
3882 129.551
3883 129.583
3884 129.615
3885 129.647
3886 129.695
3887 129.727
3888 129.759
3889 129.791
3890 129.823
3891 129.855
3892 129.887
3893 129.919
3894 129.951
3895 129.983
3896 130.015
3897 130.047
3898 130.095
3899 130.127
3900 130.159
3901 130.191
3902 130.223
3903 130.255
3904 130.287
3905 130.319
3906 130.351
3907 130.383
3908 130.415
3909 130.447
3910 130.495
3911 130.527
3912 130.559
3913 130.591
3914 130.623
3915 130.655
3916 130.687
3917 130.719
3918 130.751
3919 130.783
3920 130.815
3921 130.847
3922 130.879
3923 130.927
3924 130.959
3925 130.991
3926 131.023
3927 131.055
3928 131.087
3929 131.119
3930 131.151
3931 131.183
3932 131.215
3933 131.247
3934 131.279
3935 131.327
3936 131.359
3937 131.391
3938 131.423
3939 131.455
3940 131.487
3941 131.519
3942 131.551
3943 131.583
3944 131.615
3945 131.647
3946 131.679
3947 131.727
3948 131.759
3949 131.791
3950 131.823
3951 131.855
3952 131.887
3953 131.919
3954 131.951
3955 131.983
3956 132.015
3957 132.047
3958 132.079
3959 132.111
3960 132.159
3961 132.191
3962 132.223
3963 132.255
3964 132.287
3965 132.319
3966 132.351
3967 132.383
3968 132.415
3969 132.447
3970 132.479
3971 132.511
3972 132.559
3973 132.591
3974 132.623
3975 132.655
3976 132.687
3977 132.719
3978 132.751
3979 132.783
3980 132.815
3981 132.847
3982 132.879
3983 132.911
3984 132.959
3985 132.991
3986 133.023
3987 133.055
3988 133.087
3989 133.119
3990 133.151
3991 133.183
3992 133.215
3993 133.246
3994 133.278
3995 133.31
3996 133.343
3997 133.391
3998 133.423
3999 133.455
4000 133.487
4001 133.519
4002 133.551
4003 133.583
4004 133.615
4005 133.647
4006 133.679
4007 133.711
4008 133.743
4009 133.79
4010 133.823
4011 133.855
4012 133.887
4013 133.919
4014 133.95
4015 133.983
4016 134.014
4017 134.047
4018 134.079
4019 134.111
4020 134.143
4021 134.175
4022 134.222
4023 134.255
4024 134.287
4025 134.319
4026 134.351
4027 134.383
4028 134.415
4029 134.447
4030 134.479
4031 134.511
4032 134.542
4033 134.574
4034 134.623
4035 134.655
4036 134.687
4037 134.719
4038 134.751
4039 134.783
4040 134.815
4041 134.847
4042 134.879
4043 134.911
4044 134.943
4045 134.975
4046 135.023
4047 135.055
4048 135.087
4049 135.119
4050 135.151
4051 135.183
4052 135.215
4053 135.247
4054 135.279
4055 135.311
4056 135.343
4057 135.375
4058 135.407
4059 135.454
4060 135.487
4061 135.519
4062 135.551
4063 135.582
4064 135.615
4065 135.647
4066 135.679
4067 135.711
4068 135.743
4069 135.775
4070 135.807
4071 135.855
4072 135.887
4073 135.919
4074 135.951
4075 135.983
4076 136.015
4077 136.047
4078 136.079
4079 136.111
4080 136.143
4081 136.175
4082 136.207
4083 136.254
4084 136.287
4085 136.319
4086 136.351
4087 136.382
4088 136.415
4089 136.447
4090 136.479
4091 136.511
4092 136.543
4093 136.575
4094 136.607
4095 136.638
4096 136.687
4097 136.719
4098 136.751
4099 136.782
4100 136.815
4101 136.847
4102 136.879
4103 136.91
4104 136.943
4105 136.975
4106 137.006
4107 137.039
4108 137.087
4109 137.119
4110 137.151
4111 137.183
4112 137.215
4113 137.247
4114 137.279
4115 137.311
4116 137.343
4117 137.375
4118 137.406
4119 137.439
4120 137.486
4121 137.518
4122 137.551
4123 137.583
4124 137.615
4125 137.646
4126 137.678
4127 137.71
4128 137.743
4129 137.775
4130 137.807
4131 137.839
4132 137.871
4133 137.918
4134 137.951
4135 137.983
4136 138.014
4137 138.047
4138 138.079
4139 138.111
4140 138.142
4141 138.174
4142 138.207
4143 138.238
4144 138.27
4145 138.319
4146 138.35
4147 138.383
4148 138.414
4149 138.446
4150 138.479
4151 138.51
4152 138.552
4153 138.574
4154 138.606
4155 138.652
4156 138.67
4157 138.718
4158 138.753
4159 138.783
4160 138.814
4161 138.852
4162 138.878
4163 138.91
4164 138.942
4165 138.974
4166 139.006
4167 139.038
4168 139.07
4169 139.102
4170 139.15
4171 139.183
4172 139.214
4173 139.246
4174 139.278
4175 139.31
4176 139.342
4177 139.374
4178 139.406
4179 139.438
4180 139.47
4181 139.502
4182 139.55
4183 139.583
4184 139.614
4185 139.646
4186 139.678
4187 139.71
4188 139.742
4189 139.774
4190 139.806
4191 139.838
4192 139.87
4193 139.902
4194 139.934
4195 139.982
4196 140.015
4197 140.046
4198 140.078
4199 140.11
4200 140.142
4201 140.174
4202 140.206
4203 140.238
4204 140.27
4205 140.302
4206 140.334
4207 140.382
4208 140.415
4209 140.446
4210 140.478
4211 140.51
4212 140.542
4213 140.574
4214 140.606
4215 140.638
4216 140.67
4217 140.702
4218 140.734
4219 140.814
4220 140.846
4221 140.878
4222 140.91
4223 140.942
4224 140.974
4225 141.006
4226 141.038
4227 141.07
4228 141.102
4229 141.134
4230 141.166
4231 141.214
4232 141.246
4233 141.278
4234 141.31
4235 141.342
4236 141.374
4237 141.406
4238 141.438
4239 141.47
4240 141.502
4241 141.534
4242 141.566
4243 141.614
4244 141.646
4245 141.678
4246 141.71
4247 141.742
4248 141.774
4249 141.806
4250 141.838
4251 141.87
4252 141.902
4253 141.934
4254 141.966
4255 142.014
4256 142.046
4257 142.078
4258 142.11
4259 142.142
4260 142.174
4261 142.206
4262 142.238
4263 142.27
4264 142.302
4265 142.334
4266 142.366
4267 142.398
4268 142.446
4269 142.478
4270 142.51
4271 142.542
4272 142.574
4273 142.606
4274 142.638
4275 142.67
4276 142.702
4277 142.734
4278 142.766
4279 142.798
4280 142.846
4281 142.878
4282 142.91
4283 142.942
4284 142.974
4285 143.006
4286 143.038
4287 143.07
4288 143.102
4289 143.134
4290 143.166
4291 143.198
4292 143.246
4293 143.278
4294 143.31
4295 143.342
4296 143.374
4297 143.406
4298 143.438
4299 143.47
4300 143.502
4301 143.534
4302 143.566
4303 143.598
4304 143.63
4305 143.678
4306 143.71
4307 143.742
4308 143.774
4309 143.806
4310 143.838
4311 143.87
4312 143.902
4313 143.934
4314 143.966
4315 143.998
4316 144.03
4317 144.078
4318 144.11
4319 144.142
4320 144.174
4321 144.206
4322 144.238
4323 144.27
4324 144.302
4325 144.334
4326 144.366
4327 144.398
4328 144.43
4329 144.478
4330 144.51
4331 144.542
4332 144.574
4333 144.606
4334 144.638
4335 144.67
4336 144.702
4337 144.734
4338 144.766
4339 144.798
4340 144.83
4341 144.863
4342 144.91
4343 144.942
4344 144.974
4345 145.006
4346 145.038
4347 145.07
4348 145.102
4349 145.134
4350 145.166
4351 145.198
4352 145.23
4353 145.262
4354 145.31
4355 145.342
4356 145.374
4357 145.406
4358 145.438
4359 145.47
4360 145.502
4361 145.534
4362 145.566
4363 145.598
4364 145.63
4365 145.662
4366 145.694
4367 145.742
4368 145.774
4369 145.806
4370 145.838
4371 145.87
4372 145.902
4373 145.934
4374 145.966
4375 145.998
4376 146.03
4377 146.062
4378 146.094
4379 146.142
4380 146.174
4381 146.206
4382 146.238
4383 146.27
4384 146.302
4385 146.334
4386 146.366
4387 146.398
4388 146.43
4389 146.462
4390 146.494
4391 146.542
4392 146.574
4393 146.606
4394 146.638
4395 146.67
4396 146.702
4397 146.734
4398 146.766
4399 146.798
4400 146.83
4401 146.862
4402 146.894
4403 146.926
4404 146.974
4405 147.006
4406 147.038
4407 147.07
4408 147.102
4409 147.134
4410 147.166
4411 147.198
4412 147.23
4413 147.262
4414 147.294
4415 147.326
4416 147.374
4417 147.406
4418 147.438
4419 147.47
4420 147.502
4421 147.534
4422 147.566
4423 147.598
4424 147.63
4425 147.662
4426 147.694
4427 147.726
4428 147.774
4429 147.806
4430 147.838
4431 147.87
4432 147.902
4433 147.934
4434 147.966
4435 147.998
4436 148.03
4437 148.062
4438 148.094
4439 148.126
4440 148.158
4441 148.206
4442 148.238
4443 148.27
4444 148.302
4445 148.334
4446 148.366
4447 148.398
4448 148.43
4449 148.462
4450 148.494
4451 148.526
4452 148.558
4453 148.606
4454 148.638
4455 148.67
4456 148.702
4457 148.734
4458 148.766
4459 148.798
4460 148.83
4461 148.862
4462 148.894
4463 148.926
4464 148.958
4465 149.006
4466 149.038
4467 149.07
4468 149.102
4469 149.134
4470 149.166
4471 149.198
4472 149.23
4473 149.262
4474 149.294
4475 149.326
4476 149.358
4477 149.39
4478 149.438
4479 149.47
4480 149.502
4481 149.534
4482 149.566
4483 149.598
4484 149.63
4485 149.662
4486 149.694
4487 149.726
4488 149.758
4489 149.79
4490 149.838
4491 149.87
4492 149.902
4493 149.934
4494 149.966
4495 149.998
4496 150.03
4497 150.062
4498 150.094
4499 150.126
4500 150.158
4501 150.19
4502 150.222
4503 150.27
4504 150.302
4505 150.334
4506 150.366
4507 150.398
4508 150.43
4509 150.462
4510 150.494
4511 150.526
4512 150.558
4513 150.59
4514 150.622
4515 150.67
4516 150.702
4517 150.734
4518 150.766
4519 150.798
4520 150.829
4521 150.862
4522 150.894
4523 150.926
4524 150.958
4525 150.99
4526 151.022
4527 151.07
4528 151.102
4529 151.134
4530 151.166
4531 151.198
4532 151.23
4533 151.262
4534 151.294
4535 151.326
4536 151.358
4537 151.39
4538 151.421
4539 151.453
4540 151.502
4541 151.534
4542 151.565
4543 151.597
4544 151.63
4545 151.662
4546 151.694
4547 151.726
4548 151.758
4549 151.79
4550 151.822
4551 151.854
4552 151.902
4553 151.934
4554 151.966
4555 151.998
4556 152.03
4557 152.062
4558 152.094
4559 152.126
4560 152.158
4561 152.19
4562 152.222
4563 152.254
4564 152.301
4565 152.334
4566 152.366
4567 152.398
4568 152.43
4569 152.462
4570 152.494
4571 152.526
4572 152.558
4573 152.59
4574 152.622
4575 152.654
4576 152.686
4577 152.733
4578 152.766
4579 152.798
4580 152.829
4581 152.862
4582 152.893
4583 152.926
4584 152.958
4585 152.99
4586 153.022
4587 153.054
4588 153.086
4589 153.133
4590 153.166
4591 153.198
4592 153.23
4593 153.261
4594 153.294
4595 153.326
4596 153.358
4597 153.39
4598 153.422
4599 153.454
4600 153.486
4601 153.534
4602 153.566
4603 153.598
4604 153.63
4605 153.662
4606 153.693
4607 153.726
4608 153.758
4609 153.79
4610 153.822
4611 153.854
4612 153.886
4613 153.918
4614 153.966
4615 153.997
4616 154.029
4617 154.062
4618 154.094
4619 154.126
4620 154.158
4621 154.19
4622 154.222
4623 154.254
4624 154.286
4625 154.318
4626 154.366
4627 154.398
4628 154.43
4629 154.462
4630 154.494
4631 154.526
4632 154.557
4633 154.59
4634 154.622
4635 154.654
4636 154.686
4637 154.718
4638 154.765
4639 154.798
4640 154.83
4641 154.862
4642 154.894
4643 154.925
4644 154.958
4645 154.99
4646 155.022
4647 155.054
4648 155.086
4649 155.118
4650 155.15
4651 155.198
4652 155.229
4653 155.261
4654 155.294
4655 155.325
4656 155.358
4657 155.39
4658 155.422
4659 155.453
4660 155.486
4661 155.518
4662 155.55
4663 155.597
4664 155.63
4665 155.662
4666 155.694
4667 155.726
4668 155.757
4669 155.789
4670 155.822
4671 155.854
4672 155.886
4673 155.917
4674 155.95
4675 155.982
4676 156.029
4677 156.061
4678 156.093
4679 156.125
4680 156.158
4681 156.189
4682 156.222
4683 156.253
4684 156.286
4685 156.318
4686 156.349
4687 156.382
4688 156.429
4689 156.461
4690 156.493
4691 156.525
4692 156.557
4693 156.589
4694 156.622
4695 156.654
4696 156.685
4697 156.717
4698 156.75
4699 156.781
4700 156.829
4701 156.861
4702 156.893
4703 156.925
4704 156.957
4705 156.989
4706 157.022
4707 157.054
4708 157.085
4709 157.117
4710 157.149
4711 157.181
4712 157.213
4713 157.261
4714 157.293
4715 157.325
4716 157.357
4717 157.389
4718 157.422
4719 157.454
4720 157.485
4721 157.517
4722 157.549
4723 157.581
4724 157.613
4725 157.661
4726 157.693
4727 157.726
4728 157.758
4729 157.79
4730 157.822
4731 157.854
4732 157.886
4733 157.917
4734 157.949
4735 157.981
4736 158.013
4737 158.061
4738 158.093
4739 158.125
4740 158.157
4741 158.189
4742 158.221
4743 158.253
4744 158.285
4745 158.317
4746 158.349
4747 158.381
4748 158.413
4749 158.445
4750 158.493
4751 158.525
4752 158.557
4753 158.589
4754 158.621
4755 158.654
4756 158.685
4757 158.717
4758 158.749
4759 158.782
4760 158.813
4761 158.845
4762 158.893
4763 158.925
4764 158.957
4765 158.989
4766 159.021
4767 159.054
4768 159.086
4769 159.117
4770 159.149
4771 159.181
4772 159.213
4773 159.245
4774 159.293
4775 159.325
4776 159.357
4777 159.389
4778 159.421
4779 159.454
4780 159.486
4781 159.517
4782 159.549
4783 159.581
4784 159.613
4785 159.645
4786 159.677
4787 159.725
4788 159.757
4789 159.789
4790 159.821
4791 159.854
4792 159.886
4793 159.917
4794 159.949
4795 159.981
4796 160.013
4797 160.045
4798 160.077
4799 160.125
4800 160.157
4801 160.189
4802 160.221
4803 160.253
4804 160.286
4805 160.317
4806 160.349
4807 160.392
4808 160.413
4809 160.445
4810 160.492
4811 160.509
4812 160.557
4813 160.589
4814 160.621
4815 160.653
4816 160.686
4817 160.717
4818 160.749
4819 160.781
4820 160.813
4821 160.845
4822 160.877
4823 160.909
4824 160.957
4825 160.989
4826 161.021
4827 161.053
4828 161.086
4829 161.117
4830 161.149
4831 161.181
4832 161.213
4833 161.245
4834 161.277
4835 161.309
4836 161.357
4837 161.389
4838 161.421
4839 161.453
4840 161.486
4841 161.518
4842 161.549
4843 161.581
4844 161.613
4845 161.645
4846 161.677
4847 161.709
4848 161.741
4849 161.789
4850 161.821
4851 161.853
4852 161.885
4853 161.918
4854 161.949
4855 161.981
4856 162.013
4857 162.045
4858 162.077
4859 162.109
4860 162.141
4861 162.189
4862 162.221
4863 162.253
4864 162.285
4865 162.317
4866 162.349
4867 162.381
4868 162.413
4869 162.445
4870 162.477
4871 162.509
4872 162.541
4873 162.589
4874 162.621
4875 162.653
4876 162.685
4877 162.717
4878 162.749
4879 162.781
4880 162.813
4881 162.845
4882 162.877
4883 162.909
4884 162.941
4885 162.973
4886 163.021
4887 163.053
4888 163.085
4889 163.117
4890 163.149
4891 163.181
4892 163.213
4893 163.245
4894 163.277
4895 163.309
4896 163.341
4897 163.373
4898 163.421
4899 163.453
4900 163.485
4901 163.517
4902 163.549
4903 163.581
4904 163.613
4905 163.645
4906 163.677
4907 163.709
4908 163.741
4909 163.773
4910 163.821
4911 163.853
4912 163.885
4913 163.917
4914 163.949
4915 163.981
4916 164.013
4917 164.045
4918 164.077
4919 164.109
4920 164.141
4921 164.173
4922 164.205
4923 164.253
4924 164.285
4925 164.317
4926 164.349
4927 164.381
4928 164.413
4929 164.445
4930 164.477
4931 164.509
4932 164.541
4933 164.573
4934 164.605
4935 164.653
4936 164.685
4937 164.717
4938 164.75
4939 164.781
4940 164.813
4941 164.845
4942 164.877
4943 164.909
4944 164.941
4945 164.973
4946 165.005
4947 165.053
4948 165.085
4949 165.117
4950 165.149
4951 165.181
4952 165.213
4953 165.245
4954 165.277
4955 165.309
4956 165.341
4957 165.373
4958 165.405
4959 165.437
4960 165.485
4961 165.517
4962 165.549
4963 165.581
4964 165.613
4965 165.645
4966 165.677
4967 165.709
4968 165.741
4969 165.773
4970 165.805
4971 165.837
4972 165.885
4973 165.917
4974 165.949
4975 165.981
4976 166.013
4977 166.045
4978 166.077
4979 166.109
4980 166.141
4981 166.173
4982 166.205
4983 166.237
4984 166.269
4985 166.317
4986 166.349
4987 166.381
4988 166.413
4989 166.445
4990 166.477
4991 166.509
4992 166.541
4993 166.573
4994 166.605
4995 166.637
4996 166.669
4997 166.717
4998 166.749
4999 166.781
5000 166.813
5001 166.845
5002 166.877
5003 166.909
5004 166.941
5005 166.973
5006 167.005
5007 167.037
5008 167.069
5009 167.117
5010 167.149
5011 167.181
5012 167.213
5013 167.245
5014 167.277
5015 167.309
5016 167.341
5017 167.373
5018 167.405
5019 167.437
5020 167.469
5021 167.501
5022 167.58
5023 167.613
5024 167.645
5025 167.677
5026 167.709
5027 167.741
5028 167.773
5029 167.805
5030 167.837
5031 167.869
5032 167.901
5033 167.949
5034 167.981
5035 168.013
5036 168.045
5037 168.077
5038 168.109
5039 168.141
5040 168.173
5041 168.205
5042 168.237
5043 168.269
5044 168.301
5045 168.348
5046 168.381
5047 168.413
5048 168.445
5049 168.477
5050 168.509
5051 168.541
5052 168.573
5053 168.605
5054 168.637
5055 168.669
5056 168.701
5057 168.733
5058 168.781
5059 168.813
5060 168.845
5061 168.877
5062 168.909
5063 168.941
5064 168.973
5065 169.005
5066 169.037
5067 169.068
5068 169.101
5069 169.133
5070 169.181
5071 169.213
5072 169.245
5073 169.277
5074 169.309
5075 169.341
5076 169.373
5077 169.405
5078 169.437
5079 169.469
5080 169.501
5081 169.532
5082 169.581
5083 169.613
5084 169.645
5085 169.677
5086 169.709
5087 169.741
5088 169.773
5089 169.805
5090 169.836
5091 169.869
5092 169.901
5093 169.933
5094 169.965
5095 170.012
5096 170.045
5097 170.077
5098 170.109
5099 170.141
5100 170.173
5101 170.205
5102 170.237
5103 170.269
5104 170.301
5105 170.332
5106 170.365
5107 170.412
5108 170.445
5109 170.477
5110 170.509
5111 170.541
5112 170.573
5113 170.605
5114 170.637
5115 170.668
5116 170.7
5117 170.733
5118 170.764
5119 170.812
5120 170.845
5121 170.877
5122 170.909
5123 170.941
5124 170.973
5125 171.005
5126 171.037
5127 171.069
5128 171.101
5129 171.133
5130 171.165
5131 171.196
5132 171.245
5133 171.277
5134 171.309
5135 171.341
5136 171.373
5137 171.405
5138 171.437
5139 171.469
5140 171.501
5141 171.533
5142 171.565
5143 171.597
5144 171.645
5145 171.677
5146 171.708
5147 171.741
5148 171.772
5149 171.805
5150 171.837
5151 171.869
5152 171.901
5153 171.933
5154 171.965
5155 171.997
5156 172.029
5157 172.076
5158 172.109
5159 172.141
5160 172.173
5161 172.205
5162 172.236
5163 172.269
5164 172.301
5165 172.332
5166 172.365
5167 172.397
5168 172.429
5169 172.477
5170 172.509
5171 172.541
5172 172.573
5173 172.605
5174 172.637
5175 172.669
5176 172.701
5177 172.732
5178 172.765
5179 172.796
5180 172.829
5181 172.876
5182 172.909
5183 172.941
5184 172.973
5185 173.004
5186 173.037
5187 173.069
5188 173.101
5189 173.133
5190 173.164
5191 173.196
5192 173.229
5193 173.261
5194 173.308
5195 173.34
5196 173.373
5197 173.405
5198 173.437
5199 173.469
5200 173.501
5201 173.533
5202 173.564
5203 173.596
5204 173.629
5205 173.661
5206 173.708
5207 173.74
5208 173.772
5209 173.805
5210 173.837
5211 173.869
5212 173.901
5213 173.932
5214 173.965
5215 173.997
5216 174.028
5217 174.061
5218 174.108
5219 174.14
5220 174.173
5221 174.204
5222 174.236
5223 174.269
5224 174.301
5225 174.332
5226 174.364
5227 174.396
5228 174.428
5229 174.461
5230 174.493
5231 174.541
5232 174.572
5233 174.604
5234 174.636
5235 174.669
5236 174.7
5237 174.732
5238 174.764
5239 174.796
5240 174.828
5241 174.86
5242 174.893
5243 174.94
5244 174.972
5245 175.005
5246 175.036
5247 175.068
5248 175.1
5249 175.132
5250 175.164
5251 175.196
5252 175.228
5253 175.26
5254 175.293
5255 175.34
5256 175.372
5257 175.404
5258 175.436
5259 175.468
5260 175.5
5261 175.532
5262 175.564
5263 175.596
5264 175.628
5265 175.66
5266 175.693
5267 175.725
5268 175.772
5269 175.804
5270 175.836
5271 175.868
5272 175.9
5273 175.932
5274 175.964
5275 175.996
5276 176.028
5277 176.06
5278 176.093
5279 176.125
5280 176.172
5281 176.204
5282 176.236
5283 176.268
5284 176.3
5285 176.332
5286 176.364
5287 176.396
5288 176.428
5289 176.46
5290 176.493
5291 176.525
5292 176.556
5293 176.604
5294 176.636
5295 176.668
5296 176.7
5297 176.732
5298 176.764
5299 176.797
5300 176.828
5301 176.86
5302 176.892
5303 176.925
5304 176.956
5305 177.004
5306 177.036
5307 177.068
5308 177.1
5309 177.132
5310 177.164
5311 177.196
5312 177.228
5313 177.26
5314 177.292
5315 177.325
5316 177.356
5317 177.404
5318 177.436
5319 177.468
5320 177.5
5321 177.532
5322 177.564
5323 177.596
5324 177.628
5325 177.66
5326 177.692
5327 177.725
5328 177.757
5329 177.788
5330 177.836
5331 177.868
5332 177.9
5333 177.932
5334 177.964
5335 177.996
5336 178.028
5337 178.06
5338 178.092
5339 178.125
5340 178.157
5341 178.188
5342 178.236
5343 178.268
5344 178.3
5345 178.332
5346 178.364
5347 178.396
5348 178.428
5349 178.46
5350 178.492
5351 178.524
5352 178.557
5353 178.588
5354 178.636
5355 178.668
5356 178.7
5357 178.732
5358 178.764
5359 178.796
5360 178.828
5361 178.86
5362 178.892
5363 178.924
5364 178.957
5365 178.988
5366 179.02
5367 179.068
5368 179.1
5369 179.132
5370 179.164
5371 179.196
5372 179.228
5373 179.26
5374 179.292
5375 179.324
5376 179.357
5377 179.388
5378 179.42
5379 179.468
5380 179.5
5381 179.532
5382 179.564
5383 179.596
5384 179.628
5385 179.66
5386 179.692
5387 179.724
5388 179.757
5389 179.789
5390 179.82
5391 179.868
5392 179.9
5393 179.935
5394 179.964
5395 179.996
5396 180.035
5397 180.06
5398 180.092
5399 180.135
5400 180.156
5401 180.189
5402 180.235
5403 180.252
5404 180.3
5405 180.332
5406 180.364
5407 180.396
5408 180.428
5409 180.46
5410 180.492
5411 180.524
5412 180.556
5413 180.588
5414 180.62
5415 180.652
5416 180.7
5417 180.732
5418 180.764
5419 180.796
5420 180.828
5421 180.86
5422 180.892
5423 180.924
5424 180.956
5425 180.988
5426 181.02
5427 181.052
5428 181.1
5429 181.132
5430 181.164
5431 181.198
5432 181.229
5433 181.26
5434 181.292
5435 181.324
5436 181.356
5437 181.388
5438 181.42
5439 181.452
5440 181.484
5441 181.532
5442 181.564
5443 181.596
5444 181.628
5445 181.66
5446 181.692
5447 181.724
5448 181.756
5449 181.788
5450 181.82
5451 181.852
5452 181.884
5453 181.932
