0 0.000909063
1 0.020719
2 0.0355123
3 0.0837119
4 0.115567
5 0.147576
6 0.181405
7 0.211505
8 0.243709
9 0.27585
10 0.307745
11 0.339425
12 0.371463
13 0.40346
14 0.435483
15 0.483518
16 0.515706
17 0.547557
18 0.579508
19 0.611533
20 0.64369
21 0.675781
22 0.707488
23 0.739429
24 0.771475
25 0.803443
26 0.835424
27 0.883465
28 0.915654
29 0.947478
30 0.98371
31 1.01194
32 1.04347
33 1.08357
34 1.10747
35 1.13946
36 1.17147
37 1.20345
38 1.23545
39 1.26749
40 1.31547
41 1.34741
42 1.37947
43 1.41147
44 1.44378
45 1.47577
46 1.50784
47 1.53973
48 1.57174
49 1.6037
50 1.63569
51 1.66769
52 1.71549
53 1.74748
54 1.77961
55 1.81185
56 1.84346
57 1.87571
58 1.90748
59 1.93942
60 1.97141
61 2.00381
62 2.03546
63 2.06743
64 2.0994
65 2.14764
66 2.17942
67 2.2114
68 2.2434
69 2.27568
70 2.30771
71 2.33963
72 2.37164
73 2.40381
74 2.4358
75 2.46765
76 2.49976
77 2.54786
78 2.57967
79 2.61161
80 2.64366
81 2.67606
82 2.71542
83 2.73945
84 2.77161
85 2.81483
86 2.83589
87 2.86737
88 2.91464
89 2.94773
90 2.9794
91 3.01502
92 3.04345
93 3.07588
94 3.1144
95 3.1396
96 3.17172
97 3.21433
98 3.23563
99 3.26756
100 3.314
101 3.33146
102 3.37936
103 3.41157
104 3.44369
105 3.47601
106 3.50736
107 3.53976
108 3.57144
109 3.60341
110 3.63573
111 3.66773
112 3.69958
113 3.73157
114 3.77943
115 3.81134
116 3.8437
117 3.87584
118 3.90777
119 3.93965
120 3.97166
121 4.0037
122 4.03585
123 4.06773
124 4.0996
125 4.13156
126 4.17937
127 4.21162
128 4.24339
129 4.27586
130 4.30735
131 4.33957
132 4.37156
133 4.40356
134 4.43569
135 4.46772
136 4.49947
137 4.53155
138 4.56355
139 4.61162
140 4.64356
141 4.67573
142 4.70769
143 4.73938
144 4.77161
145 4.80347
146 4.83595
147 4.86733
148 4.89936
149 4.93167
150 4.96333
151 5.01149
152 5.04361
153 5.07595
154 5.10761
155 5.1396
156 5.17176
157 5.20335
158 5.23558
159 5.2673
160 5.29964
161 5.3315
162 5.36352
163 5.41149
164 5.4434
165 5.47594
166 5.50754
167 5.53949
168 5.57162
169 5.60353
170 5.63566
171 5.6675
172 5.69962
173 5.73164
174 5.76337
175 5.7956
176 5.84352
177 5.87578
178 5.90753
179 5.9395
180 5.97156
181 6.00331
182 6.03524
183 6.06729
184 6.0996
185 6.13146
186 6.1633
187 6.19527
188 6.24348
189 6.27533
190 6.30729
191 6.33928
192 6.37134
193 6.4033
194 6.43552
195 6.4673
196 6.49957
197 6.53128
198 6.5633
199 6.59527
200 6.64351
201 6.67538
202 6.70728
203 6.73929
204 6.7716
205 6.80346
206 6.83542
207 6.8673
208 6.89961
209 6.93132
210 6.96327
211 6.99525
212 7.02758
213 7.0753
214 7.10728
215 7.13934
216 7.17166
217 7.20346
218 7.23542
219 7.26752
220 7.29954
221 7.33142
222 7.36323
223 7.39522
224 7.42761
225 7.47524
226 7.50726
227 7.53944
228 7.57155
229 7.60325
230 7.63541
231 7.66739
232 7.69956
233 7.73141
234 7.76344
235 7.79549
236 7.82761
237 7.85926
238 7.90721
239 7.93918
240 7.97123
241 8.00328
242 8.03523
243 8.06725
244 8.09943
245 8.13123
246 8.16329
247 8.19541
248 8.22751
249 8.25921
250 8.30719
251 8.33917
252 8.37162
253 8.40321
254 8.43521
255 8.46723
256 8.4995
257 8.53148
258 8.56348
259 8.59522
260 8.62752
261 8.65938
262 8.70718
263 8.73941
264 8.77158
265 8.8034
266 8.83538
267 8.86746
268 8.89929
269 8.93131
270 8.9634
271 8.99522
272 9.02743
273 9.05921
274 9.09127
275 9.17117
276 9.20349
277 9.23543
278 9.26736
279 9.29918
280 9.33173
281 9.36338
282 9.39534
283 9.42719
284 9.45946
285 9.49172
286 9.53916
287 9.57129
288 9.60347
289 9.63536
290 9.66716
291 9.69916
292 9.73154
293 9.76338
294 9.79547
295 9.82721
296 9.85942
297 9.89158
298 9.93917
299 9.97155
300 10.0035
301 10.0352
302 10.0672
303 10.0991
304 10.1318
305 10.1634
306 10.1951
307 10.2271
308 10.2594
309 10.2916
310 10.3231
311 10.3713
312 10.4034
313 10.4352
314 10.4672
315 10.4992
316 10.5316
317 10.5631
318 10.5953
319 10.6271
320 10.6594
321 10.6915
322 10.7231
323 10.7715
324 10.8034
325 10.8352
326 10.8673
327 10.8995
328 10.9318
329 10.9632
330 10.9953
331 11.0273
332 11.0594
333 11.0915
334 11.1231
335 11.1711
336 11.2032
337 11.2352
338 11.2671
339 11.2991
340 11.3318
341 11.3633
342 11.3951
343 11.4271
344 11.4594
345 11.4914
346 11.5233
347 11.5551
348 11.6031
349 11.6352
350 11.6671
351 11.6993
352 11.7317
353 11.7633
354 11.7953
355 11.8271
356 11.8594
357 11.8913
358 11.9233
359 11.9553
360 12.0031
361 12.0352
362 12.0671
363 12.0993
364 12.1314
365 12.1632
366 12.1951
367 12.2271
368 12.2594
369 12.2912
370 12.3233
371 12.3551
372 12.3874
373 12.4353
374 12.4671
375 12.4991
376 12.5312
377 12.5631
378 12.595
379 12.6271
380 12.6593
381 12.6912
382 12.7231
383 12.7551
384 12.7872
385 12.8352
386 12.8673
387 12.899
388 12.9314
389 12.9631
390 12.9953
391 13.0273
392 13.0591
393 13.091
394 13.123
395 13.1551
396 13.1874
397 13.235
398 13.2672
399 13.2993
400 13.3314
401 13.363
402 13.3951
403 13.427
404 13.4594
405 13.4912
406 13.523
407 13.555
408 13.5874
409 13.6193
410 13.6672
411 13.6992
412 13.7314
413 13.763
414 13.7951
415 13.8271
416 13.8594
417 13.891
418 13.923
419 13.955
420 13.9871
421 14.019
422 14.0671
423 14.099
424 14.1314
425 14.1633
426 14.1952
427 14.2272
428 14.2594
429 14.291
430 14.3232
431 14.3552
432 14.3873
433 14.4192
434 14.467
435 14.4989
436 14.531
437 14.563
438 14.595
439 14.6273
440 14.6594
441 14.691
442 14.723
443 14.755
444 14.7873
445 14.819
446 14.851
447 14.899
448 14.9313
449 14.963
450 14.995
451 15.0274
452 15.0593
453 15.091
454 15.123
455 15.155
456 15.188
457 15.2196
458 15.2511
459 15.2991
460 15.3313
461 15.363
462 15.3952
463 15.4272
464 15.4593
465 15.491
466 15.523
467 15.5549
468 15.5876
469 15.6191
470 15.6511
471 15.6992
472 15.7312
473 15.7632
474 15.7952
475 15.8271
476 15.859
477 15.891
478 15.923
479 15.9549
480 15.9874
481 16.019
482 16.0513
483 16.0831
484 16.131
485 16.1632
486 16.1949
487 16.2273
488 16.2593
489 16.2912
490 16.3232
491 16.3551
492 16.3874
493 16.419
494 16.4511
495 16.4829
496 16.5309
497 16.563
498 16.5949
499 16.6274
500 16.6592
501 16.6911
502 16.7229
503 16.7549
504 16.7875
505 16.8192
506 16.8509
507 16.8831
508 16.9311
509 16.9631
510 16.9949
511 17.0273
512 17.0592
513 17.0911
514 17.123
515 17.1549
516 17.1875
517 17.2191
518 17.2511
519 17.2829
520 17.3153
521 17.3629
522 17.3949
523 17.4273
524 17.4592
525 17.4911
526 17.5228
527 17.5549
528 17.5875
529 17.6191
530 17.6511
531 17.6831
532 17.7152
533 17.7628
534 17.7948
535 17.8274
536 17.8593
537 17.8909
538 17.9229
539 17.9551
540 17.9875
541 18.0192
542 18.0511
543 18.0829
544 18.1152
545 18.1474
546 18.1951
547 18.2271
548 18.2589
549 18.2909
550 18.3229
551 18.3548
552 18.3871
553 18.4191
554 18.4511
555 18.4831
556 18.5151
557 18.5473
558 18.595
559 18.6275
560 18.6591
561 18.6911
562 18.7232
563 18.7549
564 18.787
565 18.8189
566 18.8511
567 18.8828
568 18.9148
569 18.9469
570 18.9951
571 19.0271
572 19.059
573 19.0911
574 19.1232
575 19.1551
576 19.187
577 19.219
578 19.2509
579 19.2829
580 19.3151
581 19.347
582 19.3789
583 19.4268
584 19.4589
585 19.4911
586 19.5232
587 19.555
588 19.587
589 19.6192
590 19.651
591 19.683
592 19.7148
593 19.7472
594 19.779
595 19.8268
596 19.8588
597 19.8911
598 19.923
599 19.9548
600 19.9868
601 20.0192
602 20.0508
603 20.0828
604 20.115
605 20.1468
606 20.1788
607 20.2268
608 20.2588
609 20.2911
610 20.323
611 20.3548
612 20.3868
613 20.4191
614 20.451
615 20.483
616 20.515
617 20.5471
618 20.5788
619 20.6111
620 20.6588
621 20.691
622 20.7228
623 20.7548
624 20.7867
625 20.8191
626 20.8511
627 20.883
628 20.9148
629 20.947
630 20.9935
631 21.0111
632 21.0587
633 21.0938
634 21.1232
635 21.155
636 21.1931
637 21.2191
638 21.2511
639 21.2929
640 21.3148
641 21.3471
642 21.3788
643 21.4109
644 21.4587
645 21.4907
646 21.523
647 21.5548
648 21.5868
649 21.6191
650 21.651
651 21.6828
652 21.7149
653 21.7471
654 21.7787
655 21.8109
656 21.8428
657 21.8908
658 21.9228
659 21.9548
660 21.9868
661 22.019
662 22.0509
663 22.083
664 22.1148
665 22.1471
666 22.179
667 22.2109
668 22.243
669 22.2907
670 22.3228
671 22.3547
672 22.3867
673 22.4191
674 22.4509
675 22.4832
676 22.5148
677 22.547
678 22.579
679 22.6107
680 22.6431
681 22.675
682 22.7231
683 22.755
684 22.7871
685 22.8191
686 22.8508
687 22.8834
688 22.9147
689 22.9467
690 22.979
691 23.0107
692 23.0431
693 23.0747
694 23.123
695 23.1548
696 23.1867
697 23.2187
698 23.251
699 23.2831
700 23.3147
701 23.3467
702 23.379
703 23.4109
704 23.4432
705 23.4747
706 23.5227
707 23.5547
708 23.5867
709 23.6187
710 23.6507
711 23.683
712 23.7147
713 23.7467
714 23.779
715 23.8109
716 23.843
717 23.8747
718 23.907
719 23.9546
720 23.9866
721 24.0186
722 24.0507
723 24.0831
724 24.1147
725 24.1467
726 24.179
727 24.2108
728 24.243
729 24.2749
730 24.3069
731 24.3548
732 24.3866
733 24.4187
734 24.451
735 24.483
736 24.5147
737 24.5468
738 24.579
739 24.6107
740 24.6429
741 24.6749
742 24.7067
743 24.7548
744 24.7868
745 24.8188
746 24.8507
747 24.8829
748 24.9148
749 24.9468
750 24.979
751 25.0108
752 25.0429
753 25.0746
754 25.1066
755 25.1386
756 25.1867
757 25.2189
758 25.2509
759 25.2834
760 25.315
761 25.3467
762 25.379
763 25.4108
764 25.443
765 25.4747
766 25.5069
767 25.5388
768 25.5867
769 25.6187
770 25.651
771 25.6828
772 25.7146
773 25.7466
774 25.779
775 25.8106
776 25.8426
777 25.8748
778 25.9069
779 25.9388
780 25.9868
781 26.0188
782 26.0509
783 26.0826
784 26.1147
785 26.1466
786 26.1789
787 26.2108
788 26.2426
789 26.2746
790 26.3069
791 26.3386
792 26.3707
793 26.4186
794 26.4506
795 26.4828
796 26.5149
797 26.5466
798 26.5786
799 26.6106
800 26.643
801 26.6746
802 26.7066
803 26.7386
804 26.7709
805 26.8188
806 26.8507
807 26.8828
808 26.9149
809 26.9468
810 26.9788
811 27.0108
812 27.0428
813 27.0746
814 27.1066
815 27.1386
816 27.1708
817 27.2188
818 27.2508
819 27.2828
820 27.3149
821 27.3466
822 27.3786
823 27.4106
824 27.4426
825 27.4746
826 27.5066
827 27.5387
828 27.5709
829 27.6028
830 27.6508
831 27.6828
832 27.7149
833 27.7466
834 27.7785
835 27.8105
836 27.8426
837 27.8746
838 27.9066
839 27.9385
840 27.9708
841 28.0027
842 28.0507
843 28.0826
844 28.1148
845 28.1466
846 28.1785
847 28.2105
848 28.2429
849 28.2746
850 28.3067
851 28.3388
852 28.3709
853 28.4026
854 28.4345
855 28.4825
856 28.5149
857 28.5467
858 28.5788
859 28.6105
860 28.6429
861 28.6747
862 28.7067
863 28.7386
864 28.7708
865 28.8025
866 28.8347
867 28.8825
868 28.9145
869 28.9467
870 28.9787
871 29.0105
872 29.0428
873 29.0745
874 29.1065
875 29.1386
876 29.1708
877 29.2025
878 29.2345
879 29.2825
880 29.3146
881 29.3467
882 29.379
883 29.4105
884 29.4429
885 29.4747
886 29.5065
887 29.5389
888 29.5709
889 29.6027
890 29.6347
891 29.6667
892 29.7145
893 29.7468
894 29.7788
895 29.8105
896 29.8425
897 29.8748
898 29.9067
899 29.9388
900 29.9708
901 30.0025
902 30.0345
903 30.0665
904 30.1144
905 30.1466
906 30.1789
907 30.2107
908 30.2428
909 30.2745
910 30.3064
911 30.339
912 30.3705
913 30.4025
914 30.4344
915 30.4665
916 30.5146
917 30.5464
918 30.5788
919 30.6107
920 30.6428
921 30.6746
922 30.7067
923 30.739
924 30.7708
925 30.8025
926 30.8346
927 30.8667
928 30.8991
929 30.9463
930 30.9789
931 31.0104
932 31.0425
933 31.0746
934 31.1067
935 31.1388
936 31.1709
937 31.2024
938 31.2345
939 31.2664
940 31.299
941 31.3464
942 31.3787
943 31.4106
944 31.4425
945 31.4744
946 31.5064
947 31.5386
948 31.5704
949 31.6024
950 31.6343
951 31.6666
952 31.699
953 31.7464
954 31.7787
955 31.8104
956 31.8428
957 31.8744
958 31.9066
959 31.9388
960 31.9707
961 32.0026
962 32.0346
963 32.0666
964 32.0989
965 32.1304
966 32.1785
967 32.2104
968 32.2428
969 32.2746
970 32.3064
971 32.3386
972 32.3707
973 32.4026
974 32.4343
975 32.4664
976 32.4987
977 32.5305
978 32.5785
979 32.6104
980 32.6427
981 32.6746
982 32.7066
983 32.7385
984 32.7708
985 32.8024
986 32.8343
987 32.8663
988 32.8987
989 32.9306
990 32.9627
991 33.0106
992 33.0426
993 33.0744
994 33.1066
995 33.1383
996 33.1704
997 33.2024
998 33.2345
999 33.2663
1000 33.2987
1001 33.3304
1002 33.3626
1003 33.4103
1004 33.4427
1005 33.4743
1006 33.5063
1007 33.5385
1008 33.5707
1009 33.6025
1010 33.6345
1011 33.6664
1012 33.6986
1013 33.7305
1014 33.7623
1015 33.8103
1016 33.8426
1017 33.8745
1018 33.9063
1019 33.9383
1020 33.9705
1021 34.0023
1022 34.0343
1023 34.0665
1024 34.0987
1025 34.1305
1026 34.1623
1027 34.1943
1028 34.2423
1029 34.2744
1030 34.3064
1031 34.3386
1032 34.3706
1033 34.4027
1034 34.4343
1035 34.4663
1036 34.4986
1037 34.5306
1038 34.5625
1039 34.5943
1040 34.6425
1041 34.6749
1042 34.7063
1043 34.7383
1044 34.7705
1045 34.8023
1046 34.8346
1047 34.8663
1048 34.8983
1049 34.9303
1050 34.9626
1051 34.995
1052 35.0423
1053 35.0744
1054 35.1067
1055 35.1386
1056 35.1703
1057 35.2023
1058 35.2347
1059 35.2665
1060 35.2983
1061 35.3307
1062 35.363
1063 35.3951
1064 35.4265
1065 35.4744
1066 35.5066
1067 35.5383
1068 35.5703
1069 35.6023
1070 35.6349
1071 35.6665
1072 35.6984
1073 35.7305
1074 35.7625
1075 35.7943
1076 35.8262
1077 35.8743
1078 35.9062
1079 35.9384
1080 35.9704
1081 36.0022
1082 36.0351
1083 36.0663
1084 36.0985
1085 36.1304
1086 36.1626
1087 36.1947
1088 36.2265
1089 36.2744
1090 36.3063
1091 36.3385
1092 36.3704
1093 36.4022
1094 36.4351
1095 36.4662
1096 36.4984
1097 36.5302
1098 36.5626
1099 36.5947
1100 36.6262
1101 36.6582
1102 36.7381
1103 36.7704
1104 36.8024
1105 36.8348
1106 36.8662
1107 36.8982
1108 36.9302
1109 36.9622
1110 36.9952
1111 37.0266
1112 37.0585
1113 37.1064
1114 37.1384
1115 37.1704
1116 37.2024
1117 37.2347
1118 37.2666
1119 37.2982
1120 37.3302
1121 37.3622
1122 37.3949
1123 37.4264
1124 37.4584
1125 37.5062
1126 37.5384
1127 37.5704
1128 37.6025
1129 37.6345
1130 37.6665
1131 37.6984
1132 37.7304
1133 37.7624
1134 37.7948
1135 37.8264
1136 37.8584
1137 37.8904
1138 37.9382
1139 37.9704
1140 38.0024
1141 38.0346
1142 38.0665
1143 38.0983
1144 38.1302
1145 38.1622
1146 38.1947
1147 38.2262
1148 38.2582
1149 38.2902
1150 38.3383
1151 38.3704
1152 38.4024
1153 38.4346
1154 38.4665
1155 38.4982
1156 38.5302
1157 38.5622
1158 38.5947
1159 38.6262
1160 38.6582
1161 38.6901
1162 38.7225
1163 38.7701
1164 38.8023
1165 38.8344
1166 38.8665
1167 38.8982
1168 38.9301
1169 38.9622
1170 38.9943
1171 39.0262
1172 39.0583
1173 39.0903
1174 39.1225
1175 39.1701
1176 39.2023
1177 39.2343
1178 39.2665
1179 39.2983
1180 39.3303
1181 39.3623
1182 39.3944
1183 39.4261
1184 39.4582
1185 39.4902
1186 39.5223
1187 39.5702
1188 39.6023
1189 39.6343
1190 39.6664
1191 39.6981
1192 39.7301
1193 39.7622
1194 39.7944
1195 39.8261
1196 39.8581
1197 39.8901
1198 39.9222
1199 39.9541
1200 40.0022
1201 40.0341
1202 40.0665
1203 40.0983
1204 40.1304
1205 40.1622
1206 40.1944
1207 40.2263
1208 40.2581
1209 40.2901
1210 40.3225
1211 40.3541
1212 40.4021
1213 40.434
1214 40.4661
1215 40.4981
1216 40.5301
1217 40.5621
1218 40.5944
1219 40.6261
1220 40.6584
1221 40.6901
1222 40.7222
1223 40.7541
1224 40.8021
1225 40.8343
1226 40.8663
1227 40.8983
1228 40.9302
1229 40.9621
1230 40.9944
1231 41.0261
1232 41.0581
1233 41.0901
1234 41.1224
1235 41.1541
1236 41.1863
1237 41.2343
1238 41.2664
1239 41.2981
1240 41.3301
1241 41.362
1242 41.3941
1243 41.4261
1244 41.4581
1245 41.4902
1246 41.5224
1247 41.5541
1248 41.5861
1249 41.634
1250 41.6664
1251 41.6981
1252 41.7301
1253 41.7623
1254 41.7945
1255 41.826
1256 41.8581
1257 41.8901
1258 41.9224
1259 41.9542
1260 41.9861
1261 42.034
1262 42.0663
1263 42.0983
1264 42.1306
1265 42.162
1266 42.1944
1267 42.2261
1268 42.258
1269 42.2905
1270 42.3223
1271 42.354
1272 42.3862
1273 42.4184
1274 42.4661
1275 42.498
1276 42.5304
1277 42.562
1278 42.5943
1279 42.626
1280 42.6583
1281 42.6904
1282 42.7223
1283 42.767
1284 42.7861
1285 42.818
1286 42.8687
1287 42.898
1288 42.9304
1289 42.967
1290 42.9941
1291 43.0263
1292 43.0667
1293 43.0903
1294 43.122
1295 43.1546
1296 43.1863
1297 43.2182
1298 43.266
1299 43.298
1300 43.3305
1301 43.362
1302 43.3939
1303 43.4262
1304 43.4584
1305 43.4906
1306 43.5222
1307 43.554
1308 43.5863
1309 43.618
1310 43.6504
1311 43.6982
1312 43.7306
1313 43.7622
1314 43.7942
1315 43.8262
1316 43.8583
1317 43.8904
1318 43.922
1319 43.954
1320 43.9862
1321 44.0182
1322 44.0505
1323 44.0982
1324 44.1306
1325 44.162
1326 44.194
1327 44.2262
1328 44.2583
1329 44.2904
1330 44.3221
1331 44.3541
1332 44.3862
1333 44.4182
1334 44.4506
1335 44.4821
1336 44.5304
1337 44.5622
1338 44.5943
1339 44.6262
1340 44.6583
1341 44.6903
1342 44.722
1343 44.754
1344 44.7863
1345 44.818
1346 44.8502
1347 44.8819
1348 44.9302
1349 44.9619
1350 44.9942
1351 45.026
1352 45.0582
1353 45.0901
1354 45.1219
1355 45.154
1356 45.186
1357 45.2181
1358 45.2503
1359 45.2821
1360 45.33
1361 45.3623
1362 45.3943
1363 45.4264
1364 45.4582
1365 45.49
1366 45.522
1367 45.554
1368 45.5862
1369 45.6182
1370 45.6502
1371 45.6821
1372 45.7142
1373 45.7621
1374 45.7939
1375 45.8259
1376 45.8583
1377 45.89
1378 45.9221
1379 45.9541
1380 45.9862
1381 46.0181
1382 46.0501
1383 46.0822
1384 46.1142
1385 46.1621
1386 46.1939
1387 46.2259
1388 46.2582
1389 46.2899
1390 46.3219
1391 46.3539
1392 46.3859
1393 46.4179
1394 46.4499
1395 46.4819
1396 46.5143
1397 46.5619
1398 46.5938
1399 46.6258
1400 46.6579
1401 46.6902
1402 46.7221
1403 46.7541
1404 46.7862
1405 46.8181
1406 46.8499
1407 46.8819
1408 46.9142
1409 46.9461
1410 46.9941
1411 47.0261
1412 47.0583
1413 47.0901
1414 47.1221
1415 47.1541
1416 47.1862
1417 47.2182
1418 47.2501
1419 47.2818
1420 47.3142
1421 47.3461
1422 47.3942
1423 47.426
1424 47.4583
1425 47.4901
1426 47.5221
1427 47.5541
1428 47.5863
1429 47.6181
1430 47.65
1431 47.6819
1432 47.7142
1433 47.7458
1434 47.7938
1435 47.8258
1436 47.8579
1437 47.89
1438 47.922
1439 47.9539
1440 47.9862
1441 48.018
1442 48.0501
1443 48.0821
1444 48.1139
1445 48.1459
1446 48.1778
1447 48.2258
1448 48.2579
1449 48.2899
1450 48.3221
1451 48.3538
1452 48.3868
1453 48.4179
1454 48.4498
1455 48.4818
1456 48.5142
1457 48.5461
1458 48.5778
1459 48.6258
1460 48.6578
1461 48.6898
1462 48.7218
1463 48.7541
1464 48.7867
1465 48.818
1466 48.85
1467 48.882
1468 48.9138
1469 48.9459
1470 48.9778
1471 49.0098
1472 49.0581
1473 49.0899
1474 49.1218
1475 49.1538
1476 49.1864
1477 49.2181
1478 49.2498
1479 49.282
1480 49.3142
1481 49.3464
1482 49.3778
1483 49.4101
1484 49.4578
1485 49.4898
1486 49.5218
1487 49.5538
1488 49.5864
1489 49.6178
1490 49.6498
1491 49.6818
1492 49.7138
1493 49.7461
1494 49.7778
1495 49.8097
1496 49.858
1497 49.8899
1498 49.922
1499 49.9538
1500 49.9864
1501 50.018
1502 50.05
1503 50.0818
1504 50.1141
1505 50.1462
1506 50.178
1507 50.2098
1508 50.242
1509 50.2897
1510 50.3217
1511 50.3537
1512 50.3864
1513 50.4177
1514 50.45
1515 50.4819
1516 50.5141
1517 50.5461
1518 50.5779
1519 50.6097
1520 50.6421
1521 50.6899
1522 50.722
1523 50.7539
1524 50.7864
1525 50.8177
1526 50.8499
1527 50.8819
1528 50.9141
1529 50.9468
1530 50.9782
1531 51.01
1532 51.042
1533 51.0897
1534 51.1217
1535 51.1539
1536 51.1863
1537 51.2179
1538 51.2497
1539 51.2817
1540 51.314
1541 51.3517
1542 51.3779
1543 51.4097
1544 51.4418
1545 51.474
1546 51.5217
1547 51.5537
1548 51.5859
1549 51.6177
1550 51.65
1551 51.6817
1552 51.7137
1553 51.7461
1554 51.778
1555 51.8097
1556 51.8419
1557 51.8739
1558 51.9217
1559 51.9539
1560 51.9857
1561 52.0179
1562 52.0498
1563 52.0817
1564 52.1137
1565 52.1457
1566 52.178
1567 52.2098
1568 52.2417
1569 52.2739
1570 52.3219
1571 52.3563
1572 52.3858
1573 52.4177
1574 52.4556
1575 52.4817
1576 52.5139
1577 52.5459
1578 52.578
1579 52.6099
1580 52.6417
1581 52.6739
1582 52.706
1583 52.7538
1584 52.7858
1585 52.8177
1586 52.8501
1587 52.8819
1588 52.9137
1589 52.9456
1590 52.978
1591 53.0099
1592 53.0416
1593 53.0739
1594 53.1059
1595 53.1541
1596 53.1858
1597 53.2177
1598 53.25
1599 53.2819
1600 53.3137
1601 53.3456
1602 53.3778
1603 53.4097
1604 53.4416
1605 53.4737
1606 53.506
1607 53.5537
1608 53.5858
1609 53.6179
1610 53.6499
1611 53.6819
1612 53.7139
1613 53.7458
1614 53.778
1615 53.8097
1616 53.8419
1617 53.8739
1618 53.9059
1619 53.9379
1620 53.9856
1621 54.0176
1622 54.0496
1623 54.0816
1624 54.1138
1625 54.1456
1626 54.1779
1627 54.2098
1628 54.2416
1629 54.2736
1630 54.3059
1631 54.3376
1632 54.3856
1633 54.4176
1634 54.4499
1635 54.4818
1636 54.5136
1637 54.5456
1638 54.5779
1639 54.6096
1640 54.6416
1641 54.6736
1642 54.7059
1643 54.7378
1644 54.7696
1645 54.8176
1646 54.8498
1647 54.8816
1648 54.9136
1649 54.9456
1650 54.978
1651 55.0099
1652 55.0417
1653 55.0736
1654 55.1056
1655 55.1376
1656 55.1696
1657 55.2176
1658 55.2498
1659 55.2818
1660 55.3138
1661 55.3456
1662 55.3779
1663 55.4098
1664 55.4417
1665 55.4738
1666 55.5062
1667 55.5377
1668 55.5696
1669 55.6177
1670 55.6499
1671 55.682
1672 55.7136
1673 55.7455
1674 55.7776
1675 55.8096
1676 55.8419
1677 55.8736
1678 55.9059
1679 55.9376
1680 55.9696
1681 56.0019
1682 56.0495
1683 56.0821
1684 56.1136
1685 56.1456
1686 56.1778
1687 56.2096
1688 56.2422
1689 56.2737
1690 56.306
1691 56.3377
1692 56.3696
1693 56.4019
1694 56.4495
1695 56.4819
1696 56.5136
1697 56.5455
1698 56.5778
1699 56.6097
1700 56.6418
1701 56.6735
1702 56.7056
1703 56.7376
1704 56.7695
1705 56.8019
1706 56.8497
1707 56.882
1708 56.9137
1709 56.9455
1710 56.9778
1711 57.0097
1712 57.0418
1713 57.0737
1714 57.1058
1715 57.1377
1716 57.1695
1717 57.2019
1718 57.2338
1719 57.2819
1720 57.3135
1721 57.3455
1722 57.3775
1723 57.4095
1724 57.4419
1725 57.4735
1726 57.5059
1727 57.5378
1728 57.5697
1729 57.6018
1730 57.6338
1731 57.682
1732 57.7137
1733 57.7457
1734 57.7776
1735 57.8095
1736 57.8422
1737 57.8737
1738 57.9058
1739 57.9377
1740 57.9695
1741 58.0018
1742 58.0338
1743 58.0819
1744 58.1135
1745 58.1457
1746 58.1779
1747 58.2097
1748 58.2419
1749 58.2735
1750 58.3058
1751 58.3377
1752 58.3697
1753 58.4018
1754 58.4338
1755 58.4655
1756 58.5135
1757 58.5454
1758 58.5778
1759 58.6097
1760 58.6418
1761 58.6735
1762 58.7058
1763 58.7377
1764 58.7697
1765 58.8017
1766 58.8338
1767 58.8655
1768 58.9137
1769 58.9456
1770 58.9779
1771 59.0095
1772 59.0415
1773 59.0735
1774 59.1058
1775 59.1377
1776 59.1697
1777 59.2016
1778 59.2338
1779 59.2657
1780 59.3134
1781 59.3454
1782 59.3775
1783 59.4095
1784 59.4414
1785 59.4736
1786 59.5057
1787 59.5375
1788 59.5695
1789 59.6014
1790 59.6338
1791 59.6658
1792 59.6974
1793 59.7456
1794 59.7777
1795 59.8098
1796 59.8414
1797 59.8734
1798 59.9054
1799 59.9374
1800 59.9697
1801 60.0018
1802 60.0334
1803 60.0654
1804 60.0978
1805 60.1456
1806 60.1774
1807 60.2094
1808 60.2417
1809 60.2736
1810 60.3054
1811 60.3376
1812 60.3698
1813 60.4018
1814 60.4334
1815 60.4654
1816 60.4977
1817 60.5297
1818 60.5774
1819 60.6094
1820 60.6417
1821 60.6736
1822 60.7054
1823 60.7376
1824 60.7697
1825 60.8014
1826 60.8334
1827 60.8654
1828 60.8977
1829 60.9296
1830 60.9773
1831 61.0093
1832 61.0414
1833 61.0734
1834 61.1054
1835 61.1374
1836 61.1697
1837 61.2016
1838 61.2334
1839 61.2654
1840 61.2978
1841 61.3296
1842 61.3776
1843 61.4093
1844 61.4417
1845 61.4734
1846 61.5054
1847 61.5378
1848 61.5697
1849 61.6017
1850 61.6336
1851 61.6656
1852 61.6978
1853 61.7294
1854 61.7613
1855 61.8093
1856 61.8417
1857 61.8736
1858 61.9054
1859 61.9374
1860 61.9698
1861 62.0016
1862 62.0335
1863 62.0656
1864 62.0982
1865 62.1294
1866 62.1615
1867 62.2093
1868 62.2417
1869 62.2734
1870 62.3056
1871 62.3377
1872 62.3697
1873 62.4013
1874 62.4333
1875 62.4654
1876 62.4975
1877 62.5294
1878 62.5615
1879 62.6095
1880 62.6417
1881 62.6734
1882 62.7053
1883 62.7377
1884 62.7697
1885 62.8013
1886 62.8333
1887 62.8655
1888 62.8984
1889 62.9293
1890 62.9615
1891 62.9936
1892 63.0415
1893 63.0736
1894 63.1054
1895 63.1382
1896 63.1696
1897 63.2015
1898 63.2335
1899 63.2656
1900 63.298
1901 63.3293
1902 63.3615
1903 63.3935
1904 63.4415
1905 63.4733
1906 63.5055
1907 63.5376
1908 63.5696
1909 63.6015
1910 63.6335
1911 63.6653
1912 63.6981
1913 63.7297
1914 63.7615
1915 63.7935
1916 63.8415
1917 63.8735
1918 63.9053
1919 63.9377
1920 63.9696
1921 64.0013
1922 64.0333
1923 64.0655
1924 64.0979
1925 64.1293
1926 64.1613
1927 64.1932
1928 64.2253
1929 64.3052
1930 64.3375
1931 64.3692
1932 64.4016
1933 64.4335
1934 64.4653
1935 64.4976
1936 64.5293
1937 64.5615
1938 64.5932
1939 64.6253
1940 64.6732
1941 64.7054
1942 64.7377
1943 64.7695
1944 64.8016
1945 64.8335
1946 64.8655
1947 64.8974
1948 64.9292
1949 64.9612
1950 64.9932
1951 65.0254
1952 65.0578
1953 65.1052
1954 65.1373
1955 65.1693
1956 65.2016
1957 65.2335
1958 65.2652
1959 65.2972
1960 65.3296
1961 65.3615
1962 65.3936
1963 65.4254
1964 65.4575
1965 65.5053
1966 65.5376
1967 65.5695
1968 65.6016
1969 65.6334
1970 65.6652
1971 65.6974
1972 65.7296
1973 65.7612
1974 65.7932
1975 65.8252
1976 65.8573
1977 65.9052
1978 65.9371
1979 65.9692
1980 66.0012
1981 66.0332
1982 66.0654
1983 66.0974
1984 66.1295
1985 66.1612
1986 66.1932
1987 66.2254
1988 66.2572
1989 66.2892
1990 66.3374
1991 66.3694
1992 66.4015
1993 66.4332
1994 66.4652
1995 66.4972
1996 66.5295
1997 66.5612
1998 66.5932
1999 66.6254
2000 66.6576
2001 66.6894
2002 66.7374
2003 66.7694
2004 66.8015
2005 66.8334
2006 66.8652
2007 66.8971
2008 66.9293
2009 66.9615
2010 66.9934
2011 67.0254
2012 67.0576
2013 67.0894
2014 67.1371
2015 67.1694
2016 67.2016
2017 67.2334
2018 67.2654
2019 67.2971
2020 67.3295
2021 67.3612
2022 67.3931
2023 67.4254
2024 67.4575
2025 67.4893
2026 67.5214
2027 67.5691
2028 67.6014
2029 67.6334
2030 67.6654
2031 67.6972
2032 67.7294
2033 67.7611
2034 67.7932
2035 67.8253
2036 67.8575
2037 67.8894
2038 67.9212
2039 67.9691
2040 68.0015
2041 68.0387
2042 68.0654
2043 68.0971
2044 68.1294
2045 68.1613
2046 68.1935
2047 68.2254
2048 68.2573
2049 68.2893
2050 68.3212
2051 68.3691
2052 68.4011
2053 68.4338
2054 68.4652
2055 68.4974
2056 68.5293
2057 68.5612
2058 68.5937
2059 68.6254
2060 68.6571
2061 68.6891
2062 68.7214
2063 68.7536
2064 68.8012
2065 68.8335
2066 68.8655
2067 68.8973
2068 68.9293
2069 68.9611
2070 68.9943
2071 69.0253
2072 69.0573
2073 69.0893
2074 69.1214
2075 69.1536
2076 69.2011
2077 69.2335
2078 69.2654
2079 69.2974
2080 69.3291
2081 69.3613
2082 69.3937
2083 69.4255
2084 69.4574
2085 69.4891
2086 69.5214
2087 69.5536
2088 69.6011
2089 69.6334
2090 69.6654
2091 69.6973
2092 69.7291
2093 69.7614
2094 69.7935
2095 69.8253
2096 69.8571
2097 69.8893
2098 69.9213
2099 69.9534
2100 69.9852
2101 70.0335
2102 70.0653
2103 70.0973
2104 70.1292
2105 70.1613
2106 70.1938
2107 70.2253
2108 70.2572
2109 70.2892
2110 70.3214
2111 70.3534
2112 70.3852
2113 70.4334
2114 70.4653
2115 70.4971
2116 70.5291
2117 70.5611
2118 70.5935
2119 70.625
2120 70.6571
2121 70.689
2122 70.7214
2123 70.7534
2124 70.7851
2125 70.817
2126 70.865
2127 70.8971
2128 70.9291
2129 70.9612
2130 70.9937
2131 71.0254
2132 71.0573
2133 71.0892
2134 71.1213
2135 71.1533
2136 71.185
2137 71.217
2138 71.265
2139 71.297
2140 71.3292
2141 71.361
2142 71.3932
2143 71.425
2144 71.457
2145 71.489
2146 71.5213
2147 71.5535
2148 71.5852
2149 71.6172
2150 71.6652
2151 71.6974
2152 71.729
2153 71.7612
2154 71.7935
2155 71.825
2156 71.857
2157 71.889
2158 71.9211
2159 71.953
2160 71.985
2161 72.0172
2162 72.0494
2163 72.0972
2164 72.129
2165 72.1612
2166 72.193
2167 72.2252
2168 72.257
2169 72.289
2170 72.3214
2171 72.3532
2172 72.3852
2173 72.417
2174 72.4492
2175 72.4972
2176 72.529
2177 72.561
2178 72.5933
2179 72.625
2180 72.6573
2181 72.6892
2182 72.7214
2183 72.753
2184 72.785
2185 72.817
2186 72.8493
2187 72.8969
2188 72.929
2189 72.961
2190 72.993
2191 73.025
2192 73.0573
2193 73.089
2194 73.1211
2195 73.153
2196 73.185
2197 73.2173
2198 73.2492
2199 73.281
2200 73.3291
2201 73.3612
2202 73.3932
2203 73.4252
2204 73.4572
2205 73.489
2206 73.5213
2207 73.553
2208 73.5849
2209 73.6169
2210 73.6493
2211 73.6812
2212 73.729
2213 73.761
2214 73.7932
2215 73.825
2216 73.8571
2217 73.8892
2218 73.9212
2219 73.953
2220 73.985
2221 74.0169
2222 74.0493
2223 74.081
2224 74.1291
2225 74.1611
2226 74.1933
2227 74.225
2228 74.2569
2229 74.2889
2230 74.3213
2231 74.353
2232 74.385
2233 74.4169
2234 74.4495
2235 74.4811
2236 74.5129
2237 74.5609
2238 74.5929
2239 74.6252
2240 74.6571
2241 74.689
2242 74.7212
2243 74.7531
2244 74.7851
2245 74.8169
2246 74.849
2247 74.8812
2248 74.9131
2249 74.9609
2250 74.993
2251 75.025
2252 75.0569
2253 75.089
2254 75.1212
2255 75.153
2256 75.1849
2257 75.2169
2258 75.2495
2259 75.2811
2260 75.3129
2261 75.3609
2262 75.3929
2263 75.4249
2264 75.4569
2265 75.4894
2266 75.5212
2267 75.5529
2268 75.5851
2269 75.617
2270 75.6501
2271 75.6811
2272 75.7131
2273 75.7449
2274 75.7929
2275 75.8251
2276 75.8571
2277 75.8896
2278 75.9209
2279 75.9529
2280 75.9849
2281 76.0169
2282 76.0493
2283 76.0811
2284 76.1128
2285 76.1449
2286 76.1929
2287 76.2249
2288 76.2568
2289 76.2892
2290 76.3212
2291 76.3532
2292 76.3849
2293 76.4169
2294 76.4494
2295 76.4813
2296 76.5129
2297 76.5449
2298 76.5771
2299 76.625
2300 76.6571
2301 76.6894
2302 76.7209
2303 76.7531
2304 76.7851
2305 76.8168
2306 76.8493
2307 76.8808
2308 76.9131
2309 76.945
2310 76.9768
2311 77.0248
2312 77.0571
2313 77.0892
2314 77.1211
2315 77.1529
2316 77.1852
2317 77.2172
2318 77.2491
2319 77.281
2320 77.3132
2321 77.3448
2322 77.3768
2323 77.4248
2324 77.4568
2325 77.4894
2326 77.5208
2327 77.5528
2328 77.5851
2329 77.617
2330 77.649
2331 77.681
2332 77.7132
2333 77.745
2334 77.777
2335 77.8091
2336 77.8568
2337 77.8893
2338 77.9211
2339 77.9529
2340 77.9851
2341 78.0168
2342 78.049
2343 78.0808
2344 78.113
2345 78.1448
2346 78.1768
2347 78.209
2348 78.257
2349 78.2892
2350 78.321
2351 78.353
2352 78.3851
2353 78.417
2354 78.4492
2355 78.481
2356 78.5132
2357 78.5448
2358 78.5768
2359 78.6087
2360 78.657
2361 78.6887
2362 78.721
2363 78.7528
2364 78.785
2365 78.8168
2366 78.8488
2367 78.881
2368 78.9131
2369 78.945
2370 78.9768
2371 79.0087
2372 79.0411
2373 79.0887
2374 79.1208
2375 79.153
2376 79.1851
2377 79.217
2378 79.2489
2379 79.281
2380 79.3128
2381 79.3448
2382 79.3767
2383 79.4087
2384 79.4411
2385 79.4887
2386 79.5207
2387 79.5527
2388 79.585
2389 79.6167
2390 79.6487
2391 79.6807
2392 79.713
2393 79.7448
2394 79.777
2395 79.8089
2396 79.8411
2397 79.8887
2398 79.9207
2399 79.9527
2400 79.9851
2401 80.017
2402 80.0488
2403 80.0809
2404 80.113
2405 80.1449
2406 80.1768
2407 80.2087
2408 80.2411
2409 80.2729
2410 80.3207
2411 80.3529
2412 80.385
2413 80.4168
2414 80.4487
2415 80.4807
2416 80.5129
2417 80.5447
2418 80.5767
2419 80.6086
2420 80.641
2421 80.6729
2422 80.721
2423 80.7526
2424 80.785
2425 80.8169
2426 80.8489
2427 80.8809
2428 80.913
2429 80.9447
2430 80.9767
2431 81.0087
2432 81.0407
2433 81.0727
2434 81.105
2435 81.153
2436 81.185
2437 81.2169
2438 81.2487
2439 81.2809
2440 81.313
2441 81.3447
2442 81.3769
2443 81.4089
2444 81.441
2445 81.4727
2446 81.5048
2447 81.5528
2448 81.5856
2449 81.6169
2450 81.6489
2451 81.6807
2452 81.713
2453 81.7451
2454 81.7769
2455 81.8089
2456 81.841
2457 81.8728
2458 81.9051
2459 81.9526
2460 81.9852
2461 82.0169
2462 82.0486
2463 82.0806
2464 82.1129
2465 82.1453
2466 82.1766
2467 82.2086
2468 82.241
2469 82.273
2470 82.3051
2471 82.3366
2472 82.3846
2473 82.4166
2474 82.4488
2475 82.4808
2476 82.5131
2477 82.5451
2478 82.5769
2479 82.6086
2480 82.6409
2481 82.6728
2482 82.705
2483 82.7368
2484 82.7846
2485 82.8168
2486 82.8486
2487 82.8809
2488 82.913
2489 82.9452
2490 82.9766
2491 83.0087
2492 83.0407
2493 83.0726
2494 83.1051
2495 83.1368
2496 83.1851
2497 83.2168
2498 83.2488
2499 83.2807
2500 83.3129
2501 83.345
2502 83.3766
2503 83.4086
2504 83.4406
2505 83.4726
2506 83.505
2507 83.5368
2508 83.5689
2509 83.6166
2510 83.6485
2511 83.6806
2512 83.7129
2513 83.7449
2514 83.7766
2515 83.8088
2516 83.8409
2517 83.8728
2518 83.905
2519 83.9368
2520 83.9689
2521 84.0168
2522 84.0485
2523 84.0806
2524 84.1129
2525 84.1449
2526 84.1766
2527 84.2087
2528 84.2409
2529 84.2729
2530 84.3049
2531 84.3366
2532 84.3688
2533 84.4169
2534 84.4487
2535 84.4808
2536 84.5129
2537 84.545
2538 84.5768
2539 84.6088
2540 84.6408
2541 84.6729
2542 84.7048
2543 84.7368
2544 84.7688
2545 84.8006
2546 84.8485
2547 84.8806
2548 84.9125
2549 84.9446
2550 84.9768
2551 85.0086
2552 85.0406
2553 85.0725
2554 85.1049
2555 85.1366
2556 85.1687
2557 85.2005
2558 85.2485
2559 85.2805
2560 85.3128
2561 85.3445
2562 85.3769
2563 85.4085
2564 85.4405
2565 85.4728
2566 85.5048
2567 85.5368
2568 85.5686
2569 85.6005
2570 85.6485
2571 85.6809
2572 85.713
2573 85.7446
2574 85.7769
2575 85.8085
2576 85.8405
2577 85.8725
2578 85.9048
2579 85.9367
2580 85.9686
2581 86.0008
2582 86.0326
2583 86.0805
2584 86.1125
2585 86.1445
2586 86.1768
2587 86.2087
2588 86.2405
2589 86.2726
2590 86.3048
2591 86.3365
2592 86.3687
2593 86.4005
2594 86.4328
2595 86.4807
2596 86.5126
2597 86.5445
2598 86.5768
2599 86.6086
2600 86.6405
2601 86.6725
2602 86.7046
2603 86.7365
2604 86.7685
2605 86.8007
2606 86.8328
2607 86.8645
2608 86.9124
2609 86.9444
2610 86.9768
2611 87.0087
2612 87.0405
2613 87.0727
2614 87.1048
2615 87.1365
2616 87.1685
2617 87.2005
2618 87.2325
2619 87.2647
2620 87.3127
2621 87.3446
2622 87.3768
2623 87.4088
2624 87.4407
2625 87.4725
2626 87.5045
2627 87.5365
2628 87.5687
2629 87.6005
2630 87.6327
2631 87.6645
2632 87.7127
2633 87.7447
2634 87.7767
2635 87.8087
2636 87.8405
2637 87.8725
2638 87.9048
2639 87.9365
2640 87.9685
2641 88.0007
2642 88.0327
2643 88.0648
2644 88.0964
2645 88.1445
2646 88.1767
2647 88.2087
2648 88.2405
2649 88.2727
2650 88.3047
2651 88.3367
2652 88.3687
2653 88.4007
2654 88.4327
2655 88.4645
2656 88.4966
2657 88.5445
2658 88.5767
2659 88.6087
2660 88.6407
2661 88.6725
2662 88.7048
2663 88.7364
2664 88.7685
2665 88.8005
2666 88.8327
2667 88.8644
2668 88.8966
2669 88.9446
2670 88.9765
2671 89.0086
2672 89.0409
2673 89.0724
2674 89.1047
2675 89.1364
2676 89.1684
2677 89.2007
2678 89.2325
2679 89.2644
2680 89.2964
2681 89.3284
2682 89.3766
2683 89.4086
2684 89.4408
2685 89.4727
2686 89.5048
2687 89.5366
2688 89.5686
2689 89.6009
2690 89.6327
2691 89.6646
2692 89.6966
2693 89.7284
2694 89.7764
2695 89.8084
2696 89.8407
2697 89.8724
2698 89.9044
2699 89.9364
2700 89.9684
2701 90.0007
2702 90.0327
2703 90.0646
2704 90.0966
2705 90.1286
2706 90.1764
2707 90.2086
2708 90.2408
2709 90.2724
2710 90.3044
2711 90.3364
2712 90.3684
2713 90.4009
2714 90.4327
2715 90.4646
2716 90.4966
2717 90.5286
2718 90.561
2719 90.6083
2720 90.6407
2721 90.6723
2722 90.7043
2723 90.7364
2724 90.7686
2725 90.8007
2726 90.8327
2727 90.8647
2728 90.8965
2729 90.9286
2730 90.9608
2731 91.0083
2732 91.0406
2733 91.0724
2734 91.1044
2735 91.1364
2736 91.1686
2737 91.2008
2738 91.2329
2739 91.2646
2740 91.2963
2741 91.3283
2742 91.3608
2743 91.3924
2744 91.4405
2745 91.4724
2746 91.5044
2747 91.5364
2748 91.5684
2749 91.6004
2750 91.6327
2751 91.6646
2752 91.6963
2753 91.7286
2754 91.7607
2755 91.7923
2756 91.8403
2757 91.8723
2758 91.9047
2759 91.9365
2760 91.9683
2761 92.0005
2762 92.0326
2763 92.0645
2764 92.0965
2765 92.1285
2766 92.1606
2767 92.1926
2768 92.2403
2769 92.2723
2770 92.3046
2771 92.3363
2772 92.3683
2773 92.4003
2774 92.4326
2775 92.4643
2776 92.4965
2777 92.5285
2778 92.5606
2779 92.5923
2780 92.6243
2781 92.7042
2782 92.7363
2783 92.7687
2784 92.8005
2785 92.8325
2786 92.8646
2787 92.8966
2788 92.9285
2789 92.9605
2790 92.9927
2791 93.0246
2792 93.0722
2793 93.1045
2794 93.1363
2795 93.1684
2796 93.2006
2797 93.2323
2798 93.2645
2799 93.2962
2800 93.3286
2801 93.3605
2802 93.3925
2803 93.4242
2804 93.4723
2805 93.5045
2806 93.5365
2807 93.5685
2808 93.6005
2809 93.6325
2810 93.6645
2811 93.6962
2812 93.7286
2813 93.7603
2814 93.7922
2815 93.8243
2816 93.8566
2817 93.9045
2818 93.9363
2819 93.9683
2820 94.0006
2821 94.0322
2822 94.0642
2823 94.0962
2824 94.1286
2825 94.1604
2826 94.1922
2827 94.2242
2828 94.2568
2829 94.3044
2830 94.3365
2831 94.3682
2832 94.4006
2833 94.4323
2834 94.4643
2835 94.4963
2836 94.5285
2837 94.5603
2838 94.5922
2839 94.6242
2840 94.6566
2841 94.7042
2842 94.7368
2843 94.7682
2844 94.8003
2845 94.8323
2846 94.8644
2847 94.8964
2848 94.9283
2849 94.9603
2850 94.9922
2851 95.0244
2852 95.0564
2853 95.0884
2854 95.1367
2855 95.1684
2856 95.2005
2857 95.2324
2858 95.2642
2859 95.2965
2860 95.3286
2861 95.3604
2862 95.3924
2863 95.4242
2864 95.4567
2865 95.4884
2866 95.5366
2867 95.5682
2868 95.6002
2869 95.6322
2870 95.6642
2871 95.6965
2872 95.7287
2873 95.7604
2874 95.7924
2875 95.8245
2876 95.8571
2877 95.8885
2878 95.9362
2879 95.9681
2880 96.0005
2881 96.0322
2882 96.0642
2883 96.0965
2884 96.1285
2885 96.1602
2886 96.1923
2887 96.2241
2888 96.2568
2889 96.2881
2890 96.3204
2891 96.3684
2892 96.4004
2893 96.4324
2894 96.4641
2895 96.4965
2896 96.5285
2897 96.5605
2898 96.5923
2899 96.6244
2900 96.6568
2901 96.6881
2902 96.7203
2903 96.7684
2904 96.8005
2905 96.8323
2906 96.8644
2907 96.8965
2908 96.9284
2909 96.9603
2910 96.9921
2911 97.0243
2912 97.0568
2913 97.0881
2914 97.1201
2915 97.1525
2916 97.2003
2917 97.2322
2918 97.2643
2919 97.2966
2920 97.3284
2921 97.3601
2922 97.3923
2923 97.4241
2924 97.4567
2925 97.4881
2926 97.5201
2927 97.5521
2928 97.6001
2929 97.6321
2930 97.6643
2931 97.6964
2932 97.7284
2933 97.7601
2934 97.7923
2935 97.8243
2936 97.8567
2937 97.8883
2938 97.9201
2939 97.9523
2940 98.0003
2941 98.0321
2942 98.0643
2943 98.0963
2944 98.1284
2945 98.1601
2946 98.1921
2947 98.2241
2948 98.2564
2949 98.2884
2950 98.3201
2951 98.3523
2952 98.3844
2953 98.4321
2954 98.464
2955 98.4961
2956 98.5284
2957 98.5603
2958 98.5923
2959 98.6243
2960 98.6564
2961 98.6881
2962 98.7201
2963 98.7521
2964 98.7844
2965 98.8323
2966 98.8642
2967 98.8962
2968 98.9281
2969 98.9603
2970 98.9923
2971 99.0241
2972 99.0564
2973 99.0881
2974 99.1201
2975 99.1521
2976 99.1843
2977 99.2321
2978 99.2641
2979 99.2961
2980 99.3281
2981 99.3602
2982 99.3923
2983 99.4241
2984 99.4564
2985 99.4881
2986 99.5201
2987 99.552
2988 99.5844
2989 99.6162
2990 99.6641
2991 99.6963
2992 99.7283
2993 99.76
2994 99.792
2995 99.8242
2996 99.8563
2997 99.8884
2998 99.9201
2999 99.952
3000 99.9843
3001 100.016
3002 100.064
3003 100.096
3004 100.128
3005 100.16
3006 100.192
3007 100.224
3008 100.256
3009 100.288
3010 100.32
3011 100.352
3012 100.384
3013 100.416
3014 100.464
3015 100.496
3016 100.528
3017 100.56
3018 100.592
3019 100.624
3020 100.656
3021 100.688
3022 100.72
3023 100.752
3024 100.784
3025 100.816
3026 100.848
3027 100.896
3028 100.928
3029 100.96
3030 100.992
3031 101.024
3032 101.056
3033 101.088
3034 101.12
3035 101.152
3036 101.184
3037 101.216
3038 101.248
3039 101.296
3040 101.328
3041 101.37
3042 101.392
3043 101.424
3044 101.456
3045 101.488
3046 101.52
3047 101.552
3048 101.584
3049 101.616
3050 101.648
3051 101.68
3052 101.728
3053 101.76
3054 101.793
3055 101.824
3056 101.856
3057 101.888
3058 101.92
3059 101.952
3060 101.984
3061 102.016
3062 102.048
3063 102.08
3064 102.128
3065 102.16
3066 102.193
3067 102.224
3068 102.256
3069 102.288
3070 102.32
3071 102.352
3072 102.384
3073 102.416
3074 102.448
3075 102.48
3076 102.528
3077 102.56
3078 102.593
3079 102.624
3080 102.656
3081 102.688
3082 102.72
3083 102.752
3084 102.784
3085 102.816
3086 102.848
3087 102.88
3088 102.913
3089 102.96
3090 102.993
3091 103.024
3092 103.056
3093 103.088
3094 103.12
3095 103.152
3096 103.184
3097 103.216
3098 103.248
3099 103.28
3100 103.312
3101 103.36
3102 103.392
3103 103.424
3104 103.456
3105 103.488
3106 103.52
3107 103.552
3108 103.584
3109 103.616
3110 103.648
3111 103.68
3112 103.712
3113 103.76
3114 103.793
3115 103.824
3116 103.856
3117 103.888
3118 103.92
3119 103.952
3120 103.984
3121 104.016
3122 104.048
3123 104.08
3124 104.112
3125 104.144
3126 104.192
3127 104.224
3128 104.256
3129 104.288
3130 104.32
3131 104.352
3132 104.384
3133 104.416
3134 104.448
3135 104.48
3136 104.513
3137 104.544
3138 104.592
3139 104.624
3140 104.656
3141 104.688
3142 104.72
3143 104.752
3144 104.784
3145 104.816
3146 104.848
3147 104.88
3148 104.912
3149 104.944
3150 104.992
3151 105.024
3152 105.056
3153 105.088
3154 105.12
3155 105.152
3156 105.184
3157 105.216
3158 105.248
3159 105.28
3160 105.312
3161 105.344
3162 105.376
3163 105.424
3164 105.456
3165 105.488
3166 105.52
3167 105.552
3168 105.584
3169 105.616
3170 105.648
3171 105.68
3172 105.712
3173 105.744
3174 105.776
3175 105.824
3176 105.856
3177 105.888
3178 105.92
3179 105.952
3180 105.984
3181 106.016
3182 106.048
3183 106.08
3184 106.112
3185 106.144
3186 106.176
3187 106.224
3188 106.256
3189 106.288
3190 106.32
3191 106.352
3192 106.384
3193 106.416
3194 106.448
3195 106.48
3196 106.512
3197 106.544
3198 106.576
3199 106.608
3200 106.656
3201 106.688
3202 106.72
3203 106.752
3204 106.784
3205 106.816
3206 106.848
3207 106.88
3208 106.912
3209 106.944
3210 106.976
3211 107.008
3212 107.056
3213 107.088
3214 107.12
3215 107.152
3216 107.184
3217 107.216
3218 107.248
3219 107.28
3220 107.312
3221 107.344
3222 107.376
3223 107.408
3224 107.44
3225 107.488
3226 107.52
3227 107.552
3228 107.584
3229 107.616
3230 107.648
3231 107.68
3232 107.712
3233 107.744
3234 107.776
3235 107.808
3236 107.84
3237 107.888
3238 107.92
3239 107.952
3240 107.984
3241 108.016
3242 108.048
3243 108.08
3244 108.112
3245 108.144
3246 108.176
3247 108.208
3248 108.24
3249 108.288
3250 108.32
3251 108.352
3252 108.384
3253 108.416
3254 108.448
3255 108.48
3256 108.512
3257 108.544
3258 108.576
3259 108.608
3260 108.64
3261 108.672
3262 108.72
3263 108.752
3264 108.784
3265 108.816
3266 108.849
3267 108.88
3268 108.912
3269 108.944
3270 108.976
3271 109.008
3272 109.04
3273 109.072
3274 109.12
3275 109.152
3276 109.184
3277 109.216
3278 109.248
3279 109.28
3280 109.312
3281 109.344
3282 109.376
3283 109.408
3284 109.44
3285 109.472
3286 109.52
3287 109.552
3288 109.584
3289 109.616
3290 109.648
3291 109.68
3292 109.712
3293 109.744
3294 109.776
3295 109.809
3296 109.84
3297 109.872
3298 109.904
3299 109.952
3300 109.984
3301 110.016
3302 110.048
3303 110.08
3304 110.112
3305 110.144
3306 110.176
3307 110.208
3308 110.24
3309 110.272
3310 110.304
3311 110.352
3312 110.384
3313 110.416
3314 110.448
3315 110.48
3316 110.512
3317 110.544
3318 110.576
3319 110.608
3320 110.64
3321 110.672
3322 110.704
3323 110.752
3324 110.784
3325 110.816
3326 110.848
3327 110.88
3328 110.912
3329 110.944
3330 110.976
3331 111.008
3332 111.04
3333 111.072
3334 111.104
3335 111.136
3336 111.184
3337 111.216
3338 111.248
3339 111.28
3340 111.312
3341 111.344
3342 111.376
3343 111.408
3344 111.44
3345 111.472
3346 111.504
3347 111.536
3348 111.584
3349 111.616
3350 111.648
3351 111.68
3352 111.712
3353 111.744
3354 111.776
3355 111.808
3356 111.84
3357 111.872
3358 111.904
3359 111.936
3360 111.984
3361 112.016
3362 112.048
3363 112.08
3364 112.112
3365 112.144
3366 112.176
3367 112.208
3368 112.24
3369 112.272
3370 112.304
3371 112.336
3372 112.368
3373 112.416
3374 112.448
3375 112.48
3376 112.512
3377 112.544
3378 112.576
3379 112.608
3380 112.64
3381 112.672
3382 112.704
3383 112.736
3384 112.768
3385 112.816
3386 112.848
3387 112.88
3388 112.912
3389 112.944
3390 112.976
3391 113.008
3392 113.04
3393 113.072
3394 113.104
3395 113.136
3396 113.168
3397 113.2
3398 113.248
3399 113.28
3400 113.312
3401 113.344
3402 113.376
3403 113.408
3404 113.44
3405 113.472
3406 113.504
3407 113.536
3408 113.568
3409 113.6
3410 113.647
3411 113.68
3412 113.712
3413 113.744
3414 113.776
3415 113.808
3416 113.84
3417 113.872
3418 113.904
3419 113.936
3420 113.968
3421 114
3422 114.048
3423 114.08
3424 114.112
3425 114.144
3426 114.176
3427 114.208
3428 114.24
3429 114.272
3430 114.304
3431 114.336
3432 114.368
3433 114.4
3434 114.432
3435 114.48
3436 114.512
3437 114.544
3438 114.576
3439 114.607
3440 114.64
3441 114.671
3442 114.704
3443 114.736
3444 114.768
3445 114.8
3446 114.832
3447 114.879
3448 114.912
3449 114.944
3450 114.976
3451 115.007
3452 115.04
3453 115.072
3454 115.104
3455 115.136
3456 115.168
3457 115.2
3458 115.232
3459 115.28
3460 115.312
3461 115.344
3462 115.376
3463 115.408
3464 115.44
3465 115.472
3466 115.504
3467 115.536
3468 115.568
3469 115.599
3470 115.631
3471 115.664
3472 115.712
3473 115.744
3474 115.776
3475 115.807
3476 115.84
3477 115.872
3478 115.904
3479 115.936
3480 115.968
3481 115.999
3482 116.031
3483 116.064
3484 116.111
3485 116.144
3486 116.176
3487 116.208
3488 116.24
3489 116.272
3490 116.304
3491 116.336
3492 116.368
3493 116.399
3494 116.431
3495 116.464
3496 116.512
3497 116.544
3498 116.575
3499 116.608
3500 116.64
3501 116.672
3502 116.704
3503 116.736
3504 116.768
3505 116.799
3506 116.831
3507 116.864
3508 116.896
3509 116.944
3510 116.976
3511 117.008
3512 117.04
3513 117.072
3514 117.104
3515 117.136
3516 117.168
3517 117.199
3518 117.232
3519 117.264
3520 117.296
3521 117.344
3522 117.375
3523 117.407
3524 117.44
3525 117.472
3526 117.504
3527 117.535
3528 117.567
3529 117.599
3530 117.631
3531 117.664
3532 117.696
3533 117.727
3534 117.775
3535 117.808
3536 117.84
3537 117.871
3538 117.904
3539 117.936
3540 117.968
3541 118.003
3542 118.032
3543 118.064
3544 118.096
3545 118.127
3546 118.175
3547 118.207
3548 118.239
3549 118.271
3550 118.304
3551 118.335
3552 118.368
3553 118.399
3554 118.432
3555 118.464
3556 118.495
3557 118.527
3558 118.575
3559 118.607
3560 118.639
3561 118.671
3562 118.704
3563 118.735
3564 118.767
3565 118.8
3566 118.832
3567 118.863
3568 118.895
3569 118.928
3570 118.96
3571 119.008
3572 119.04
3573 119.071
3574 119.104
3575 119.136
3576 119.167
3577 119.199
3578 119.232
3579 119.264
3580 119.295
3581 119.327
3582 119.36
3583 119.407
3584 119.439
3585 119.471
3586 119.503
3587 119.535
3588 119.567
3589 119.599
3590 119.632
3591 119.664
3592 119.696
3593 119.728
3594 119.76
3595 119.808
3596 119.839
3597 119.871
3598 119.904
3599 119.936
3600 119.967
3601 119.999
3602 120.032
3603 120.063
3604 120.095
3605 120.127
3606 120.16
3607 120.191
3608 120.271
3609 120.304
3610 120.336
3611 120.368
3612 120.4
3613 120.432
3614 120.464
3615 120.496
3616 120.528
3617 120.559
3618 120.592
3619 120.639
3620 120.671
3621 120.703
3622 120.735
3623 120.768
3624 120.799
3625 120.831
3626 120.863
3627 120.895
3628 120.927
3629 120.96
3630 120.992
3631 121.039
3632 121.071
3633 121.104
3634 121.136
3635 121.168
3636 121.2
3637 121.231
3638 121.264
3639 121.295
3640 121.327
3641 121.359
3642 121.392
3643 121.423
3644 121.471
3645 121.503
3646 121.536
3647 121.568
3648 121.6
3649 121.632
3650 121.664
3651 121.696
3652 121.727
3653 121.76
3654 121.792
3655 121.823
3656 121.871
3657 121.903
3658 121.936
3659 121.967
3660 122
3661 122.031
3662 122.064
3663 122.095
3664 122.127
3665 122.16
3666 122.192
3667 122.223
3668 122.271
3669 122.303
3670 122.335
3671 122.367
3672 122.4
3673 122.431
3674 122.463
3675 122.495
3676 122.528
3677 122.56
3678 122.592
3679 122.623
3680 122.655
3681 122.703
3682 122.736
3683 122.767
3684 122.8
3685 122.831
3686 122.864
3687 122.895
3688 122.927
3689 122.96
3690 122.992
3691 123.023
3692 123.055
3693 123.103
3694 123.135
3695 123.167
3696 123.2
3697 123.231
3698 123.264
3699 123.296
3700 123.327
3701 123.36
3702 123.392
3703 123.423
3704 123.455
3705 123.487
3706 123.535
3707 123.567
3708 123.6
3709 123.631
3710 123.663
3711 123.695
3712 123.727
3713 123.76
3714 123.791
3715 123.823
3716 123.855
3717 123.887
3718 123.935
3719 123.967
3720 124
3721 124.031
3722 124.063
3723 124.095
3724 124.127
3725 124.16
3726 124.192
3727 124.223
3728 124.255
3729 124.287
3730 124.335
3731 124.367
3732 124.399
3733 124.431
3734 124.464
3735 124.495
3736 124.527
3737 124.559
3738 124.592
3739 124.623
3740 124.655
3741 124.687
3742 124.72
3743 124.767
3744 124.8
3745 124.831
3746 124.864
3747 124.895
3748 124.927
3749 124.959
3750 124.991
3751 125.023
3752 125.055
3753 125.087
3754 125.119
3755 125.167
3756 125.199
3757 125.231
3758 125.264
3759 125.295
3760 125.327
3761 125.359
3762 125.391
3763 125.423
3764 125.455
3765 125.487
3766 125.519
3767 125.567
3768 125.599
3769 125.631
3770 125.664
3771 125.695
3772 125.727
3773 125.759
3774 125.791
3775 125.823
3776 125.855
3777 125.887
3778 125.919
3779 125.951
3780 125.999
3781 126.031
3782 126.063
3783 126.095
3784 126.127
3785 126.159
3786 126.191
3787 126.223
3788 126.255
3789 126.287
3790 126.319
3791 126.351
3792 126.399
3793 126.431
3794 126.463
3795 126.495
3796 126.527
3797 126.559
3798 126.591
3799 126.623
3800 126.655
3801 126.687
3802 126.719
3803 126.751
3804 126.799
3805 126.831
3806 126.863
3807 126.895
3808 126.927
3809 126.959
3810 126.991
3811 127.023
3812 127.055
3813 127.087
3814 127.119
3815 127.152
3816 127.183
3817 127.231
3818 127.263
3819 127.295
3820 127.327
3821 127.359
3822 127.391
3823 127.423
3824 127.455
3825 127.487
3826 127.519
3827 127.551
3828 127.583
3829 127.631
3830 127.663
3831 127.695
3832 127.727
3833 127.759
3834 127.791
3835 127.823
3836 127.855
3837 127.887
3838 127.919
3839 127.951
3840 127.983
3841 128.031
3842 128.063
3843 128.095
3844 128.127
3845 128.159
3846 128.191
3847 128.223
3848 128.256
3849 128.287
3850 128.319
3851 128.351
3852 128.383
3853 128.416
3854 128.463
3855 128.495
3856 128.527
3857 128.559
3858 128.591
3859 128.623
3860 128.656
3861 128.687
3862 128.719
3863 128.751
3864 128.783
3865 128.815
3866 128.863
3867 128.895
3868 128.928
3869 128.959
3870 128.991
3871 129.023
3872 129.056
3873 129.087
3874 129.119
3875 129.151
3876 129.183
3877 129.215
3878 129.247
3879 129.295
3880 129.327
3881 129.359
3882 129.391
3883 129.423
3884 129.456
3885 129.487
3886 129.519
3887 129.551
3888 129.583
3889 129.615
3890 129.647
3891 129.695
3892 129.727
3893 129.759
3894 129.791
3895 129.823
3896 129.856
3897 129.887
3898 129.919
3899 129.951
3900 129.983
3901 130.015
3902 130.047
3903 130.095
3904 130.127
3905 130.159
3906 130.191
3907 130.223
3908 130.255
3909 130.287
3910 130.319
3911 130.351
3912 130.383
3913 130.416
3914 130.447
3915 130.479
3916 130.527
3917 130.559
3918 130.591
3919 130.623
3920 130.656
3921 130.687
3922 130.719
3923 130.751
3924 130.783
3925 130.815
3926 130.847
3927 130.879
3928 130.927
3929 130.959
3930 130.991
3931 131.023
3932 131.055
3933 131.087
3934 131.119
3935 131.151
3936 131.183
3937 131.215
3938 131.247
3939 131.279
3940 131.327
3941 131.359
3942 131.391
3943 131.423
3944 131.457
3945 131.487
3946 131.519
3947 131.551
3948 131.583
3949 131.615
3950 131.647
3951 131.679
3952 131.711
3953 131.759
3954 131.791
3955 131.823
3956 131.855
3957 131.887
3958 131.919
3959 131.951
3960 131.983
3961 132.015
3962 132.047
3963 132.079
3964 132.111
3965 132.159
3966 132.191
3967 132.223
3968 132.255
3969 132.287
3970 132.319
3971 132.351
3972 132.383
3973 132.415
3974 132.447
3975 132.479
3976 132.511
3977 132.559
3978 132.591
3979 132.623
3980 132.655
3981 132.687
3982 132.719
3983 132.751
3984 132.783
3985 132.815
3986 132.847
3987 132.879
3988 132.911
3989 132.943
3990 132.991
3991 133.023
3992 133.055
3993 133.087
3994 133.119
3995 133.151
3996 133.183
3997 133.215
3998 133.247
3999 133.279
4000 133.311
4001 133.343
4002 133.391
4003 133.423
4004 133.455
4005 133.487
4006 133.519
4007 133.551
4008 133.583
4009 133.615
4010 133.647
4011 133.679
4012 133.711
4013 133.743
4014 133.775
4015 133.823
4016 133.855
4017 133.887
4018 133.919
4019 133.951
4020 133.983
4021 134.015
4022 134.047
4023 134.079
4024 134.111
4025 134.143
4026 134.175
4027 134.223
4028 134.255
4029 134.287
4030 134.319
4031 134.351
4032 134.383
4033 134.415
4034 134.447
4035 134.479
4036 134.511
4037 134.543
4038 134.575
4039 134.623
4040 134.655
4041 134.687
4042 134.719
4043 134.752
4044 134.783
4045 134.815
4046 134.847
4047 134.879
4048 134.911
4049 134.943
4050 134.975
4051 135.007
4052 135.055
4053 135.087
4054 135.119
4055 135.151
4056 135.183
4057 135.215
4058 135.247
4059 135.279
4060 135.311
4061 135.343
4062 135.375
4063 135.407
4064 135.455
4065 135.487
4066 135.519
4067 135.551
4068 135.583
4069 135.615
4070 135.647
4071 135.679
4072 135.711
4073 135.743
4074 135.775
4075 135.807
4076 135.855
4077 135.887
4078 135.919
4079 135.951
4080 135.983
4081 136.015
4082 136.047
4083 136.079
4084 136.111
4085 136.143
4086 136.175
4087 136.207
4088 136.239
4089 136.287
4090 136.319
4091 136.351
4092 136.383
4093 136.415
4094 136.447
4095 136.479
4096 136.511
4097 136.543
4098 136.575
4099 136.607
4100 136.639
4101 136.687
4102 136.719
4103 136.752
4104 136.783
4105 136.815
4106 136.847
4107 136.879
4108 136.911
4109 136.943
4110 136.975
4111 137.007
4112 137.039
4113 137.087
4114 137.119
4115 137.153
4116 137.183
4117 137.215
4118 137.247
4119 137.279
4120 137.311
4121 137.343
4122 137.375
4123 137.407
4124 137.439
4125 137.471
4126 137.519
4127 137.551
4128 137.583
4129 137.615
4130 137.647
4131 137.679
4132 137.711
4133 137.743
4134 137.775
4135 137.807
4136 137.839
4137 137.871
4138 137.919
4139 137.951
4140 137.983
4141 138.015
4142 138.047
4143 138.079
4144 138.111
4145 138.143
4146 138.175
4147 138.207
4148 138.239
4149 138.271
4150 138.319
4151 138.351
4152 138.383
4153 138.415
4154 138.447
4155 138.479
4156 138.511
4157 138.543
4158 138.575
4159 138.607
4160 138.639
4161 138.671
4162 138.703
4163 138.751
4164 138.783
4165 138.815
4166 138.847
4167 138.879
4168 138.911
4169 138.943
4170 138.975
4171 139.007
4172 139.039
4173 139.071
4174 139.103
4175 139.151
4176 139.183
4177 139.215
4178 139.247
4179 139.279
4180 139.311
4181 139.343
4182 139.375
4183 139.407
4184 139.439
4185 139.471
4186 139.503
4187 139.535
4188 139.583
4189 139.615
4190 139.647
4191 139.679
4192 139.711
4193 139.743
4194 139.775
4195 139.807
4196 139.839
4197 139.871
4198 139.903
4199 139.935
4200 139.983
4201 140.015
4202 140.047
4203 140.079
4204 140.111
4205 140.143
4206 140.175
4207 140.207
4208 140.239
4209 140.271
4210 140.303
4211 140.335
4212 140.383
4213 140.415
4214 140.448
4215 140.479
4216 140.511
4217 140.543
4218 140.575
4219 140.607
4220 140.639
4221 140.671
4222 140.703
4223 140.735
4224 140.767
4225 140.815
4226 140.847
4227 140.879
4228 140.911
4229 140.943
4230 140.975
4231 141.007
4232 141.039
4233 141.071
4234 141.103
4235 141.135
4236 141.167
4237 141.215
4238 141.247
4239 141.279
4240 141.311
4241 141.343
4242 141.375
4243 141.407
4244 141.439
4245 141.471
4246 141.503
4247 141.535
4248 141.567
4249 141.615
4250 141.647
4251 141.679
4252 141.711
4253 141.743
4254 141.775
4255 141.807
4256 141.839
4257 141.871
4258 141.903
4259 141.935
4260 141.967
4261 141.999
4262 142.047
4263 142.079
4264 142.111
4265 142.143
4266 142.175
4267 142.207
4268 142.239
4269 142.271
4270 142.303
4271 142.335
4272 142.367
4273 142.399
4274 142.447
4275 142.479
4276 142.511
4277 142.543
4278 142.575
4279 142.607
4280 142.639
4281 142.671
4282 142.703
4283 142.735
4284 142.767
4285 142.799
4286 142.847
4287 142.879
4288 142.911
4289 142.943
4290 142.975
4291 143.007
4292 143.039
4293 143.071
4294 143.103
4295 143.135
4296 143.167
4297 143.199
4298 143.231
4299 143.278
4300 143.311
4301 143.342
4302 143.375
4303 143.407
4304 143.439
4305 143.471
4306 143.503
4307 143.535
4308 143.567
4309 143.598
4310 143.63
4311 143.679
4312 143.711
4313 143.743
4314 143.775
4315 143.807
4316 143.839
4317 143.871
4318 143.902
4319 143.935
4320 143.967
4321 143.999
4322 144.031
4323 144.063
4324 144.111
4325 144.143
4326 144.175
4327 144.207
4328 144.239
4329 144.27
4330 144.302
4331 144.334
4332 144.367
4333 144.399
4334 144.431
4335 144.462
4336 144.51
4337 144.542
4338 144.574
4339 144.607
4340 144.639
4341 144.671
4342 144.702
4343 144.734
4344 144.767
4345 144.799
4346 144.831
4347 144.869
4348 144.91
4349 144.943
4350 144.974
4351 145.006
4352 145.039
4353 145.07
4354 145.102
4355 145.134
4356 145.166
4357 145.198
4358 145.23
4359 145.262
4360 145.295
4361 145.342
4362 145.374
4363 145.406
4364 145.445
4365 145.471
4366 145.503
4367 145.535
4368 145.567
4369 145.598
4370 145.631
4371 145.662
4372 145.695
4373 145.742
4374 145.775
4375 145.807
4376 145.839
4377 145.87
4378 145.902
4379 145.935
4380 145.967
4381 145.998
4382 146.03
4383 146.062
4384 146.12
4385 146.149
4386 146.177
4387 146.207
4388 146.239
4389 146.271
4390 146.303
4391 146.335
4392 146.367
4393 146.398
4394 146.43
4395 146.462
4396 146.495
4397 146.527
4398 146.575
4399 146.606
4400 146.639
4401 146.671
4402 146.703
4403 146.734
4404 146.767
4405 146.798
4406 146.83
4407 146.862
4408 146.895
4409 146.926
4410 146.974
4411 147.006
4412 147.054
4413 147.071
4414 147.103
4415 147.135
4416 147.167
4417 147.199
4418 147.231
4419 147.263
4420 147.295
4421 147.327
4422 147.374
4423 147.407
4424 147.438
4425 147.47
4426 147.503
4427 147.535
4428 147.567
4429 147.599
4430 147.63
4431 147.662
4432 147.694
4433 147.726
4434 147.759
4435 147.839
4436 147.871
4437 147.903
4438 147.934
4439 147.966
4440 147.999
4441 148.031
4442 148.063
4443 148.095
4444 148.127
4445 148.158
4446 148.206
4447 148.238
4448 148.27
4449 148.303
4450 148.334
4451 148.366
4452 148.399
4453 148.43
4454 148.463
4455 148.494
4456 148.527
4457 148.559
4458 148.606
4459 148.638
4460 148.671
4461 148.703
4462 148.734
4463 148.766
4464 148.799
4465 148.831
4466 148.863
4467 148.894
4468 148.927
4469 148.959
4470 148.99
4471 149.038
4472 149.071
4473 149.103
4474 149.135
4475 149.166
4476 149.199
4477 149.231
4478 149.263
4479 149.295
4480 149.327
4481 149.358
4482 149.391
4483 149.438
4484 149.471
4485 149.503
4486 149.534
4487 149.566
4488 149.598
4489 149.631
4490 149.663
4491 149.695
4492 149.727
4493 149.758
4494 149.791
4495 149.823
4496 149.87
4497 149.903
4498 149.934
4499 149.966
4500 149.999
4501 150.03
4502 150.063
4503 150.094
4504 150.126
4505 150.158
4506 150.191
4507 150.223
4508 150.27
4509 150.303
4510 150.334
4511 150.366
4512 150.398
4513 150.43
4514 150.463
4515 150.494
4516 150.527
4517 150.559
4518 150.59
4519 150.623
4520 150.67
4521 150.703
4522 150.734
4523 150.766
4524 150.799
4525 150.83
4526 150.862
4527 150.894
4528 150.927
4529 150.958
4530 150.99
4531 151.022
4532 151.055
4533 151.102
4534 151.134
4535 151.166
4536 151.199
4537 151.23
4538 151.262
4539 151.294
4540 151.327
4541 151.369
4542 151.391
4543 151.422
4544 151.454
4545 151.502
4546 151.535
4547 151.566
4548 151.598
4549 151.63
4550 151.663
4551 151.694
4552 151.726
4553 151.758
4554 151.791
4555 151.823
4556 151.854
4557 151.902
4558 151.935
4559 151.966
4560 151.998
4561 152.03
4562 152.063
4563 152.094
4564 152.126
4565 152.158
4566 152.191
4567 152.222
4568 152.254
4569 152.286
4570 152.334
4571 152.366
4572 152.398
4573 152.43
4574 152.463
4575 152.494
4576 152.526
4577 152.558
4578 152.59
4579 152.622
4580 152.654
4581 152.686
4582 152.735
4583 152.766
4584 152.798
4585 152.83
4586 152.863
4587 152.894
4588 152.926
4589 152.958
4590 152.99
4591 153.022
4592 153.054
4593 153.086
4594 153.134
4595 153.166
4596 153.198
4597 153.23
4598 153.263
4599 153.294
4600 153.326
4601 153.358
4602 153.391
4603 153.422
4604 153.454
4605 153.486
4606 153.519
4607 153.566
4608 153.598
4609 153.63
4610 153.663
4611 153.695
4612 153.726
4613 153.758
4614 153.79
4615 153.822
4616 153.854
4617 153.886
4618 153.919
4619 153.966
4620 153.998
4621 154.03
4622 154.063
4623 154.095
4624 154.126
4625 154.158
4626 154.19
4627 154.222
4628 154.254
4629 154.286
4630 154.319
4631 154.366
4632 154.398
4633 154.43
4634 154.462
4635 154.494
4636 154.526
4637 154.559
4638 154.59
4639 154.622
4640 154.654
4641 154.686
4642 154.719
4643 154.751
4644 154.799
4645 154.83
4646 154.862
4647 154.894
4648 154.926
4649 154.959
4650 154.99
4651 155.022
4652 155.054
4653 155.086
4654 155.119
4655 155.151
4656 155.199
4657 155.23
4658 155.262
4659 155.294
4660 155.326
4661 155.358
4662 155.39
4663 155.422
4664 155.454
4665 155.486
4666 155.519
4667 155.55
4668 155.582
4669 155.63
4670 155.662
4671 155.694
4672 155.726
4673 155.759
4674 155.79
4675 155.822
4676 155.854
4677 155.886
4678 155.919
4679 155.95
4680 155.982
4681 156.03
4682 156.062
4683 156.094
4684 156.126
4685 156.158
4686 156.191
4687 156.223
4688 156.255
4689 156.286
4690 156.319
4691 156.35
4692 156.382
4693 156.43
4694 156.462
4695 156.494
4696 156.526
4697 156.558
4698 156.59
4699 156.622
4700 156.654
4701 156.686
4702 156.719
4703 156.75
4704 156.782
4705 156.814
4706 156.862
4707 156.894
4708 156.926
4709 156.958
4710 156.99
4711 157.022
4712 157.054
4713 157.086
4714 157.119
4715 157.151
4716 157.182
4717 157.214
4718 157.262
4719 157.294
4720 157.326
4721 157.358
4722 157.39
4723 157.422
4724 157.454
4725 157.486
4726 157.519
4727 157.55
4728 157.582
4729 157.614
4730 157.662
4731 157.694
4732 157.726
4733 157.758
4734 157.79
4735 157.822
4736 157.854
4737 157.886
4738 157.918
4739 157.95
4740 157.982
4741 158.014
4742 158.046
4743 158.094
4744 158.126
4745 158.158
4746 158.19
4747 158.222
4748 158.254
4749 158.286
4750 158.318
4751 158.35
4752 158.382
4753 158.414
4754 158.446
4755 158.494
4756 158.526
4757 158.558
4758 158.59
4759 158.622
4760 158.654
4761 158.686
4762 158.718
4763 158.75
4764 158.782
4765 158.814
4766 158.846
4767 158.894
4768 158.926
4769 158.958
4770 158.99
4771 159.022
4772 159.054
4773 159.086
4774 159.118
4775 159.15
4776 159.182
4777 159.214
4778 159.253
4779 159.285
4780 159.326
4781 159.358
4782 159.39
4783 159.422
4784 159.454
4785 159.486
4786 159.518
4787 159.55
4788 159.582
4789 159.614
4790 159.646
4791 159.678
4792 159.726
4793 159.758
4794 159.79
4795 159.826
4796 159.855
4797 159.886
4798 159.918
4799 159.95
4800 159.982
4801 160.014
4802 160.046
4803 160.078
4804 160.11
4805 160.158
4806 160.19
4807 160.222
4808 160.254
4809 160.286
4810 160.318
4811 160.35
4812 160.382
4813 160.414
4814 160.446
4815 160.478
4816 160.51
4817 160.558
4818 160.59
4819 160.622
4820 160.655
4821 160.686
4822 160.718
4823 160.75
4824 160.782
4825 160.814
4826 160.846
4827 160.878
4828 160.91
4829 160.958
4830 160.99
4831 161.022
4832 161.055
4833 161.086
4834 161.118
4835 161.15
4836 161.182
4837 161.214
4838 161.246
4839 161.278
4840 161.31
4841 161.342
4842 161.39
4843 161.422
4844 161.455
4845 161.486
4846 161.518
4847 161.55
4848 161.582
4849 161.614
4850 161.646
4851 161.678
4852 161.71
4853 161.742
4854 161.79
4855 161.822
4856 161.855
4857 161.886
4858 161.918
4859 161.95
4860 161.982
4861 162.014
4862 162.046
4863 162.078
4864 162.11
4865 162.142
4866 162.19
4867 162.222
4868 162.255
4869 162.286
4870 162.318
4871 162.35
4872 162.382
4873 162.414
4874 162.446
4875 162.478
4876 162.51
4877 162.542
4878 162.574
4879 162.622
4880 162.655
4881 162.686
4882 162.718
4883 162.75
4884 162.782
4885 162.815
4886 162.846
4887 162.878
4888 162.91
4889 162.942
4890 162.974
4891 163.022
4892 163.055
4893 163.086
4894 163.118
4895 163.15
4896 163.182
4897 163.214
4898 163.246
4899 163.278
4900 163.31
4901 163.342
4902 163.374
4903 163.422
4904 163.454
4905 163.486
4906 163.518
4907 163.55
4908 163.582
4909 163.614
4910 163.646
4911 163.678
4912 163.71
4913 163.742
4914 163.774
4915 163.806
4916 163.854
4917 163.886
4918 163.918
4919 163.95
4920 163.982
4921 164.014
4922 164.046
4923 164.078
4924 164.11
4925 164.142
4926 164.174
4927 164.206
4928 164.254
4929 164.286
4930 164.318
4931 164.35
4932 164.382
4933 164.414
4934 164.446
4935 164.478
4936 164.51
4937 164.542
4938 164.574
4939 164.606
4940 164.654
4941 164.686
4942 164.718
4943 164.75
4944 164.782
4945 164.814
4946 164.846
4947 164.878
4948 164.91
4949 164.942
4950 164.974
4951 165.006
4952 165.038
4953 165.086
4954 165.118
4955 165.15
4956 165.184
4957 165.214
4958 165.246
4959 165.278
4960 165.31
4961 165.342
4962 165.374
4963 165.406
4964 165.438
4965 165.486
4966 165.518
4967 165.55
4968 165.582
4969 165.614
4970 165.646
4971 165.678
4972 165.71
4973 165.742
4974 165.774
4975 165.806
4976 165.838
4977 165.87
4978 165.918
4979 165.95
4980 165.991
4981 166.014
4982 166.046
4983 166.078
4984 166.11
4985 166.142
4986 166.174
4987 166.206
4988 166.238
4989 166.27
4990 166.318
4991 166.35
4992 166.382
4993 166.414
4994 166.446
4995 166.478
4996 166.51
4997 166.542
4998 166.574
4999 166.606
5000 166.638
5001 166.67
5002 166.718
5003 166.75
5004 166.782
5005 166.814
5006 166.846
5007 166.878
5008 166.91
5009 166.942
5010 166.974
5011 167.006
5012 167.038
5013 167.07
5014 167.102
5015 167.15
5016 167.182
5017 167.214
5018 167.246
5019 167.278
5020 167.31
5021 167.342
5022 167.374
5023 167.406
5024 167.438
5025 167.471
5026 167.502
5027 167.55
5028 167.582
5029 167.614
5030 167.646
5031 167.678
5032 167.71
5033 167.742
5034 167.774
5035 167.806
5036 167.838
5037 167.87
5038 167.902
5039 167.95
5040 167.982
5041 168.014
5042 168.046
5043 168.078
5044 168.11
5045 168.142
5046 168.174
5047 168.206
5048 168.238
5049 168.27
5050 168.302
5051 168.334
5052 168.382
5053 168.414
5054 168.446
5055 168.478
5056 168.51
5057 168.542
5058 168.574
5059 168.606
5060 168.638
5061 168.67
5062 168.702
5063 168.734
5064 168.782
5065 168.814
5066 168.856
5067 168.878
5068 168.911
5069 168.942
5070 168.974
5071 169.006
5072 169.038
5073 169.07
5074 169.102
5075 169.134
5076 169.182
5077 169.214
5078 169.246
5079 169.278
5080 169.31
5081 169.342
5082 169.39
5083 169.413
5084 169.438
5085 169.47
5086 169.502
5087 169.534
5088 169.566
5089 169.614
5090 169.646
5091 169.678
5092 169.71
5093 169.742
5094 169.774
5095 169.806
5096 169.838
5097 169.87
5098 169.902
5099 169.934
5100 169.966
5101 170.014
5102 170.046
5103 170.078
5104 170.11
5105 170.142
5106 170.174
5107 170.206
5108 170.238
5109 170.27
5110 170.302
5111 170.334
5112 170.366
5113 170.398
5114 170.446
5115 170.478
5116 170.518
5117 170.542
5118 170.574
5119 170.606
5120 170.638
5121 170.67
5122 170.702
5123 170.734
5124 170.766
5125 170.798
5126 170.846
5127 170.878
5128 170.91
5129 170.942
5130 170.974
5131 171.006
5132 171.038
5133 171.07
5134 171.102
5135 171.134
5136 171.166
5137 171.198
5138 171.246
5139 171.277
5140 171.31
5141 171.342
5142 171.374
5143 171.406
5144 171.438
5145 171.469
5146 171.502
5147 171.534
5148 171.566
5149 171.598
5150 171.63
5151 171.678
5152 171.71
5153 171.742
5154 171.774
5155 171.806
5156 171.838
5157 171.869
5158 171.902
5159 171.934
5160 171.966
5161 171.998
5162 172.03
5163 172.078
5164 172.11
5165 172.142
5166 172.174
5167 172.206
5168 172.238
5169 172.269
5170 172.301
5171 172.333
5172 172.366
5173 172.398
5174 172.43
5175 172.478
5176 172.51
5177 172.542
5178 172.574
5179 172.605
5180 172.638
5181 172.67
5182 172.702
