0 0.00198786
1 0.0496847
2 0.081687
3 0.113442
4 0.14626
5 0.177568
6 0.209617
7 0.241737
8 0.273628
9 0.305435
10 0.337453
11 0.369448
12 0.401941
13 0.449405
14 0.481974
15 0.513636
16 0.545666
17 0.577625
18 0.609448
19 0.641898
20 0.67362
21 0.705604
22 0.737606
23 0.769615
24 0.801962
25 0.83344
26 0.881328
27 0.913345
28 0.949426
29 0.977429
30 1.00961
31 1.04902
32 1.07336
33 1.10537
34 1.13758
35 1.16941
36 1.2019
37 1.2336
38 1.28171
39 1.31343
40 1.34536
41 1.37771
42 1.40976
43 1.44203
44 1.47373
45 1.50538
46 1.53776
47 1.57164
48 1.60216
49 1.63346
50 1.68169
51 1.71334
52 1.74565
53 1.77763
54 1.80957
55 1.84178
56 1.87365
57 1.90542
58 1.93756
59 1.96962
60 2.00192
61 2.03338
62 2.06564
63 2.11354
64 2.14533
65 2.17738
66 2.20933
67 2.24156
68 2.27375
69 2.30566
70 2.33753
71 2.36972
72 2.40181
73 2.4335
74 2.46565
75 2.5133
76 2.54525
77 2.57735
78 2.6094
79 2.64132
80 2.67359
81 2.70535
82 2.73737
83 2.7696
84 2.80157
85 2.8335
86 2.86569
87 2.89758
88 2.94549
89 2.9776
90 3.00954
91 3.04168
92 3.0736
93 3.10551
94 3.13748
95 3.16967
96 3.20161
97 3.23337
98 3.26559
99 3.29758
100 3.34526
101 3.37733
102 3.40928
103 3.44565
104 3.47359
105 3.50572
106 3.53767
107 3.56959
108 3.60133
109 3.63358
110 3.66557
111 3.69748
112 3.74524
113 3.77759
114 3.80935
115 3.84133
116 3.87332
117 3.90558
118 3.93725
119 3.96963
120 4.00153
121 4.03345
122 4.06559
123 4.0973
124 4.12947
125 4.2092
126 4.2413
127 4.2733
128 4.30525
129 4.33765
130 4.36973
131 4.40145
132 4.43361
133 4.4653
134 4.49747
135 4.52932
136 4.57746
137 4.60939
138 4.64128
139 4.67357
140 4.70548
141 4.7373
142 4.76964
143 4.80142
144 4.83319
145 4.86556
146 4.89732
147 4.92943
148 4.97746
149 5.0094
150 5.0414
151 5.07365
152 5.10559
153 5.13727
154 5.16929
155 5.2016
156 5.23341
157 5.26521
158 5.29798
159 5.32954
160 5.36145
161 5.40917
162 5.44122
163 5.47355
164 5.5052
165 5.53767
166 5.56949
167 5.60143
168 5.6334
169 5.6655
170 5.6974
171 5.72947
172 5.76149
173 5.80917
174 5.84141
175 5.87348
176 5.90541
177 5.93766
178 5.96953
179 6.00127
180 6.03337
181 6.0655
182 6.09765
183 6.12918
184 6.16117
185 6.20956
186 6.24137
187 6.27338
188 6.30526
189 6.33781
190 6.36948
191 6.40139
192 6.43337
193 6.46546
194 6.49764
195 6.52925
196 6.56163
197 6.59374
198 6.64123
199 6.67342
200 6.70521
201 6.73819
202 6.76951
203 6.80123
204 6.83355
205 6.86523
206 6.89763
207 6.92922
208 6.9615
209 6.99348
210 7.04115
211 7.07318
212 7.10523
213 7.13764
214 7.16917
215 7.2012
216 7.23356
217 7.26555
218 7.29758
219 7.32934
220 7.36145
221 7.39352
222 7.42518
223 7.47313
224 7.50538
225 7.53788
226 7.56933
227 7.60135
228 7.63342
229 7.66533
230 7.6976
231 7.72915
232 7.76147
233 7.79337
234 7.82533
235 7.87348
236 7.90517
237 7.93757
238 7.96931
239 8.00143
240 8.0334
241 8.06533
242 8.09761
243 8.12939
244 8.16153
245 8.19311
246 8.22515
247 8.27346
248 8.3054
249 8.33757
250 8.36931
251 8.40151
252 8.43351
253 8.46515
254 8.49755
255 8.52949
256 8.56137
257 8.59312
258 8.62541
259 8.65738
260 8.70526
261 8.73772
262 8.76935
263 8.80128
264 8.83337
265 8.86547
266 8.89735
267 8.92928
268 8.96142
269 8.99352
270 9.02513
271 9.0571
272 9.10542
273 9.1371
274 9.16914
275 9.20135
276 9.23338
277 9.26523
278 9.29724
279 9.3295
280 9.36145
281 9.39307
282 9.42528
283 9.45739
284 9.5051
285 9.53705
286 9.56906
287 9.60116
288 9.63346
289 9.66527
290 9.69721
291 9.72935
292 9.76116
293 9.79307
294 9.82509
295 9.85731
296 9.88945
297 9.93723
298 9.96908
299 10.0013
300 10.0332
301 10.0654
302 10.0971
303 10.1291
304 10.1613
305 10.1933
306 10.2253
307 10.2574
308 10.2891
309 10.3371
310 10.3692
311 10.4015
312 10.4331
313 10.4651
314 10.497
315 10.5292
316 10.5613
317 10.593
318 10.6251
319 10.6571
320 10.6894
321 10.737
322 10.7691
323 10.8011
324 10.8334
325 10.8652
326 10.8973
327 10.9293
328 10.9613
329 10.9933
330 11.025
331 11.0571
332 11.0894
333 11.121
334 11.1692
335 11.2014
336 11.2331
337 11.265
338 11.297
339 11.3293
340 11.3613
341 11.3932
342 11.4252
343 11.4574
344 11.4893
345 11.5212
346 11.5692
347 11.6013
348 11.6333
349 11.6653
350 11.6975
351 11.729
352 11.761
353 11.7931
354 11.8254
355 11.8574
356 11.889
357 11.921
358 11.9691
359 12.0013
360 12.0331
361 12.0652
362 12.0973
363 12.1291
364 12.161
365 12.1931
366 12.2252
367 12.257
368 12.2892
369 12.3213
370 12.3536
371 12.4012
372 12.4335
373 12.4653
374 12.4971
375 12.529
376 12.5612
377 12.5936
378 12.6252
379 12.6572
380 12.689
381 12.7214
382 12.7542
383 12.801
384 12.8334
385 12.8653
386 12.8973
387 12.929
388 12.961
389 12.9935
390 13.025
391 13.057
392 13.0889
393 13.1212
394 13.1534
395 13.1849
396 13.2335
397 13.2653
398 13.297
399 13.329
400 13.3613
401 13.3933
402 13.4253
403 13.4573
404 13.489
405 13.5212
406 13.5536
407 13.5853
408 13.6334
409 13.6649
410 13.6974
411 13.7293
412 13.7609
413 13.7937
414 13.8249
415 13.8572
416 13.8893
417 13.921
418 13.9532
419 13.9853
420 14.0332
421 14.0649
422 14.0972
423 14.129
424 14.1611
425 14.1936
426 14.2252
427 14.257
428 14.2892
429 14.3212
430 14.3534
431 14.3852
432 14.4172
433 14.4649
434 14.4972
435 14.529
436 14.561
437 14.5935
438 14.6251
439 14.6571
440 14.6892
441 14.7209
442 14.7531
443 14.7852
444 14.8172
445 14.8649
446 14.8972
447 14.9289
448 14.9611
449 14.9934
450 15.0249
451 15.057
452 15.0893
453 15.1211
454 15.1534
455 15.185
456 15.2169
457 15.2651
458 15.2972
459 15.3292
460 15.3612
461 15.3936
462 15.4251
463 15.4569
464 15.4892
465 15.5212
466 15.5531
467 15.5852
468 15.6171
469 15.6491
470 15.6971
471 15.7291
472 15.7611
473 15.7931
474 15.8252
475 15.8573
476 15.8889
477 15.9209
478 15.9532
479 15.9852
480 16.0171
481 16.049
482 16.0969
483 16.1292
484 16.1611
485 16.1928
486 16.2252
487 16.2572
488 16.2892
489 16.3212
490 16.353
491 16.3848
492 16.4172
493 16.449
494 16.4968
495 16.5292
496 16.561
497 16.5929
498 16.6252
499 16.6574
500 16.6894
501 16.7211
502 16.7531
503 16.7851
504 16.8168
505 16.8488
506 16.8811
507 16.9291
508 16.9608
509 16.993
510 17.0253
511 17.0571
512 17.0888
513 17.1209
514 17.1528
515 17.185
516 17.217
517 17.2491
518 17.2808
519 17.329
520 17.361
521 17.3931
522 17.425
523 17.4568
524 17.4888
525 17.5212
526 17.5528
527 17.5848
528 17.6171
529 17.649
530 17.6811
531 17.7132
532 17.7608
533 17.7931
534 17.8251
535 17.8568
536 17.889
537 17.921
538 17.9532
539 17.9851
540 18.017
541 18.049
542 18.081
543 18.113
544 18.161
545 18.1929
546 18.2251
547 18.2571
548 18.289
549 18.321
550 18.3531
551 18.3852
552 18.417
553 18.4488
554 18.4811
555 18.513
556 18.5607
557 18.5931
558 18.625
559 18.6567
560 18.6894
561 18.721
562 18.7528
563 18.7852
564 18.817
565 18.8493
566 18.881
567 18.9129
568 18.9449
569 18.9928
570 19.0247
571 19.0568
572 19.0894
573 19.121
574 19.1527
575 19.185
576 19.2171
577 19.2493
578 19.2808
579 19.3129
580 19.3448
581 19.3927
582 19.4248
583 19.4568
584 19.4894
585 19.5209
586 19.5527
587 19.5848
588 19.6168
589 19.6495
590 19.6807
591 19.7131
592 19.7451
593 19.7929
594 19.8249
595 19.8571
596 19.8891
597 19.921
598 19.9529
599 19.985
600 20.017
601 20.049
602 20.0807
603 20.1131
604 20.1451
605 20.177
606 20.2247
607 20.257
608 20.2894
609 20.3209
610 20.3531
611 20.385
612 20.417
613 20.4491
614 20.4811
615 20.5129
616 20.545
617 20.577
618 20.6247
619 20.6566
620 20.6895
621 20.7207
622 20.7529
623 20.7847
624 20.8171
625 20.8494
626 20.8807
627 20.913
628 20.9449
629 20.977
630 21.0249
631 21.0566
632 21.0893
633 21.121
634 21.1529
635 21.1847
636 21.2168
637 21.2492
638 21.2809
639 21.313
640 21.3449
641 21.3767
642 21.4092
643 21.4567
644 21.4889
645 21.5211
646 21.5528
647 21.5847
648 21.617
649 21.6489
650 21.6807
651 21.713
652 21.7447
653 21.7767
654 21.8089
655 21.8567
656 21.8888
657 21.9207
658 21.9529
659 21.9849
660 22.0169
661 22.0492
662 22.0809
663 22.1128
664 22.145
665 22.177
666 22.2087
667 22.2569
668 22.2888
669 22.3207
670 22.3529
671 22.3849
672 22.4169
673 22.4489
674 22.481
675 22.5126
676 22.5449
677 22.5769
678 22.6234
679 22.6407
680 22.6886
681 22.7234
682 22.7529
683 22.7849
684 22.8228
685 22.8489
686 22.8809
687 22.9228
688 22.945
689 22.9769
690 23.009
691 23.0408
692 23.0887
693 23.1206
694 23.153
695 23.185
696 23.2168
697 23.2489
698 23.2809
699 23.3128
700 23.3446
701 23.3767
702 23.4088
703 23.4409
704 23.4728
705 23.5208
706 23.5527
707 23.5887
708 23.6169
709 23.6489
710 23.6883
711 23.7129
712 23.7449
713 23.7885
714 23.809
715 23.8409
716 23.8885
717 23.9209
718 23.9528
719 23.9847
720 24.0166
721 24.0486
722 24.0806
723 24.1129
724 24.1447
725 24.1768
726 24.209
727 24.241
728 24.273
729 24.3209
730 24.3526
731 24.3851
732 24.4169
733 24.4489
734 24.4809
735 24.5129
736 24.5448
737 24.5768
738 24.6086
739 24.6409
740 24.6727
741 24.7047
742 24.7529
743 24.7848
744 24.8168
745 24.8489
746 24.8808
747 24.9128
748 24.945
749 24.9768
750 25.0088
751 25.0409
752 25.0726
753 25.1048
754 25.1527
755 25.1848
756 25.2167
757 25.2489
758 25.2808
759 25.3128
760 25.3455
761 25.3768
762 25.4089
763 25.4409
764 25.4728
765 25.5052
766 25.5527
767 25.5855
768 25.6169
769 25.6486
770 25.6808
771 25.7129
772 25.7446
773 25.7765
774 25.8088
775 25.8409
776 25.8727
777 25.905
778 25.9369
779 25.9849
780 26.0165
781 26.0488
782 26.0808
783 26.1128
784 26.1451
785 26.1766
786 26.2087
787 26.2409
788 26.2726
789 26.3052
790 26.3368
791 26.385
792 26.4169
793 26.4488
794 26.4807
795 26.5128
796 26.5452
797 26.5767
798 26.6089
799 26.6408
800 26.6728
801 26.7054
802 26.7373
803 26.7859
804 26.8173
805 26.8491
806 26.8813
807 26.9132
808 26.9456
809 26.9769
810 27.0088
811 27.0408
812 27.0728
813 27.1062
814 27.1372
815 27.1688
816 27.2169
817 27.2488
818 27.2806
819 27.3128
820 27.3451
821 27.3767
822 27.4086
823 27.4408
824 27.4725
825 27.505
826 27.5367
827 27.5687
828 27.6164
829 27.6485
830 27.6805
831 27.7125
832 27.7451
833 27.7768
834 27.8085
835 27.8408
836 27.8728
837 27.9049
838 27.9367
839 27.9687
840 28.0164
841 28.0487
842 28.0807
843 28.1125
844 28.145
845 28.1768
846 28.2087
847 28.2408
848 28.2727
849 28.305
850 28.3367
851 28.3688
852 28.4005
853 28.4486
854 28.4808
855 28.5126
856 28.545
857 28.5767
858 28.6088
859 28.6405
860 28.6727
861 28.7048
862 28.7367
863 28.7685
864 28.8007
865 28.8486
866 28.8807
867 28.9127
868 28.9448
869 28.9768
870 29.0087
871 29.0405
872 29.0727
873 29.1046
874 29.1366
875 29.1687
876 29.2007
877 29.2326
878 29.2806
879 29.3128
880 29.3447
881 29.3766
882 29.4086
883 29.4407
884 29.4727
885 29.5044
886 29.5366
887 29.5687
888 29.6007
889 29.6324
890 29.6806
891 29.7127
892 29.7443
893 29.7767
894 29.8084
895 29.8406
896 29.8724
897 29.9046
898 29.9364
899 29.9686
900 30.0007
901 30.0324
902 30.0804
903 30.1126
904 30.1447
905 30.1766
906 30.2084
907 30.2408
908 30.2728
909 30.3043
910 30.3364
911 30.3684
912 30.4004
913 30.4327
914 30.4645
915 30.5127
916 30.5447
917 30.5763
918 30.6086
919 30.6406
920 30.6724
921 30.7045
922 30.7365
923 30.7687
924 30.8006
925 30.8326
926 30.8644
927 30.9125
928 30.9443
929 30.9766
930 31.0087
931 31.0406
932 31.0725
933 31.1047
934 31.1366
935 31.1686
936 31.2004
937 31.2327
938 31.2644
939 31.3123
940 31.3446
941 31.3766
942 31.4083
943 31.4407
944 31.4725
945 31.5043
946 31.5366
947 31.5684
948 31.6004
949 31.6327
950 31.6644
951 31.6964
952 31.7762
953 31.8082
954 31.8405
955 31.8725
956 31.9043
957 31.9368
958 31.9686
959 32.0006
960 32.0323
961 32.0643
962 32.0964
963 32.1442
964 32.1764
965 32.2086
966 32.2408
967 32.2723
968 32.3043
969 32.3365
970 32.3685
971 32.4007
972 32.4327
973 32.4647
974 32.4963
975 32.5442
976 32.5764
977 32.6087
978 32.6408
979 32.6726
980 32.7043
981 32.7363
982 32.7686
983 32.8008
984 32.8323
985 32.8642
986 32.8967
987 32.9287
988 32.9764
989 33.0082
990 33.0409
991 33.0726
992 33.1044
993 33.1367
994 33.1682
995 33.2007
996 33.2326
997 33.2645
998 33.2965
999 33.3287
1000 33.3762
1001 33.4084
1002 33.4417
1003 33.4726
1004 33.5042
1005 33.5362
1006 33.5685
1007 33.6009
1008 33.6325
1009 33.6645
1010 33.6966
1011 33.7285
1012 33.7605
1013 33.8084
1014 33.8407
1015 33.8724
1016 33.9046
1017 33.9365
1018 33.9684
1019 34.0005
1020 34.0323
1021 34.0644
1022 34.0962
1023 34.1285
1024 34.1607
1025 34.2084
1026 34.241
1027 34.2726
1028 34.3042
1029 34.3363
1030 34.3683
1031 34.4007
1032 34.4325
1033 34.4644
1034 34.4962
1035 34.5286
1036 34.5606
1037 34.6082
1038 34.6406
1039 34.6722
1040 34.7043
1041 34.7367
1042 34.7685
1043 34.8004
1044 34.8322
1045 34.8642
1046 34.8965
1047 34.9284
1048 34.9604
1049 34.9925
1050 35.0405
1051 35.0722
1052 35.1042
1053 35.1365
1054 35.1682
1055 35.2005
1056 35.2322
1057 35.2642
1058 35.2965
1059 35.3285
1060 35.3606
1061 35.3922
1062 35.4403
1063 35.4725
1064 35.5044
1065 35.5361
1066 35.5685
1067 35.6005
1068 35.6322
1069 35.6641
1070 35.6965
1071 35.7282
1072 35.7603
1073 35.7925
1074 35.8403
1075 35.8722
1076 35.9044
1077 35.9362
1078 35.9684
1079 36.0001
1080 36.0325
1081 36.0646
1082 36.0961
1083 36.1282
1084 36.1602
1085 36.1922
1086 36.2242
1087 36.2721
1088 36.3041
1089 36.3364
1090 36.3684
1091 36.4001
1092 36.4325
1093 36.4644
1094 36.4962
1095 36.5281
1096 36.5602
1097 36.5926
1098 36.6243
1099 36.6723
1100 36.7044
1101 36.7361
1102 36.7683
1103 36.8003
1104 36.8327
1105 36.8647
1106 36.8964
1107 36.9281
1108 36.9604
1109 36.9922
1110 37.0242
1111 37.0724
1112 37.1043
1113 37.1363
1114 37.1681
1115 37.2005
1116 37.2324
1117 37.2641
1118 37.2961
1119 37.3282
1120 37.3605
1121 37.3921
1122 37.4242
1123 37.4565
1124 37.5043
1125 37.5363
1126 37.5684
1127 37.6001
1128 37.6324
1129 37.6643
1130 37.6963
1131 37.7284
1132 37.7603
1133 37.7921
1134 37.8244
1135 37.8562
1136 37.9041
1137 37.9364
1138 37.9717
1139 38.0001
1140 38.0325
1141 38.0644
1142 38.0964
1143 38.1284
1144 38.1603
1145 38.1923
1146 38.2243
1147 38.2562
1148 38.3043
1149 38.3366
1150 38.3684
1151 38.4002
1152 38.4324
1153 38.4644
1154 38.4962
1155 38.5284
1156 38.5601
1157 38.5923
1158 38.6243
1159 38.6567
1160 38.6884
1161 38.7361
1162 38.768
1163 38.8001
1164 38.8324
1165 38.8642
1166 38.8961
1167 38.9284
1168 38.9601
1169 38.9921
1170 39.0243
1171 39.0566
1172 39.0881
1173 39.1362
1174 39.168
1175 39.2004
1176 39.2321
1177 39.2641
1178 39.2965
1179 39.3283
1180 39.3603
1181 39.392
1182 39.4242
1183 39.4565
1184 39.4884
1185 39.5201
1186 39.568
1187 39.6003
1188 39.632
1189 39.664
1190 39.6965
1191 39.7283
1192 39.7601
1193 39.792
1194 39.8243
1195 39.8564
1196 39.8882
1197 39.92
1198 39.968
1199 40
1200 40.0322
1201 40.064
1202 40.0971
1203 40.128
1204 40.16
1205 40.1924
1206 40.2241
1207 40.2566
1208 40.2882
1209 40.3201
1210 40.368
1211 40.4
1212 40.4321
1213 40.4643
1214 40.4967
1215 40.5281
1216 40.56
1217 40.5923
1218 40.6244
1219 40.6564
1220 40.688
1221 40.72
1222 40.7524
1223 40.8
1224 40.832
1225 40.8643
1226 40.8965
1227 40.928
1228 40.9601
1229 40.9924
1230 41.0244
1231 41.0563
1232 41.088
1233 41.1203
1234 41.152
1235 41.2
1236 41.2321
1237 41.2644
1238 41.2964
1239 41.3282
1240 41.3603
1241 41.392
1242 41.424
1243 41.4562
1244 41.4883
1245 41.5203
1246 41.5521
1247 41.6001
1248 41.632
1249 41.6642
1250 41.6963
1251 41.7282
1252 41.7601
1253 41.7921
1254 41.8242
1255 41.8564
1256 41.8882
1257 41.9201
1258 41.952
1259 41.9843
1260 42.032
1261 42.0641
1262 42.0961
1263 42.1282
1264 42.1603
1265 42.1921
1266 42.2241
1267 42.256
1268 42.2881
1269 42.32
1270 42.3521
1271 42.384
1272 42.4321
1273 42.4641
1274 42.4962
1275 42.5283
1276 42.5602
1277 42.5919
1278 42.6242
1279 42.6563
1280 42.6879
1281 42.7199
1282 42.752
1283 42.7842
1284 42.8319
1285 42.8641
1286 42.8962
1287 42.9282
1288 42.9601
1289 42.9919
1290 43.0243
1291 43.0562
1292 43.0882
1293 43.1202
1294 43.152
1295 43.184
1296 43.2161
1297 43.2641
1298 43.2961
1299 43.3282
1300 43.3602
1301 43.3921
1302 43.4241
1303 43.456
1304 43.488
1305 43.5199
1306 43.5519
1307 43.5842
1308 43.616
1309 43.6639
1310 43.6959
1311 43.7279
1312 43.7598
1313 43.7919
1314 43.8239
1315 43.8563
1316 43.8881
1317 43.9201
1318 43.9522
1319 43.984
1320 44.0162
1321 44.0482
1322 44.0961
1323 44.1281
1324 44.1603
1325 44.192
1326 44.2241
1327 44.2562
1328 44.2881
1329 44.3201
1330 44.3523
1331 44.3842
1332 44.4159
1333 44.4479
1334 44.4958
1335 44.528
1336 44.5599
1337 44.592
1338 44.6239
1339 44.6559
1340 44.6879
1341 44.7203
1342 44.752
1343 44.784
1344 44.8159
1345 44.8479
1346 44.8958
1347 44.9278
1348 44.9598
1349 44.9919
1350 45.0241
1351 45.0559
1352 45.0882
1353 45.1199
1354 45.1519
1355 45.1841
1356 45.2159
1357 45.2482
1358 45.28
1359 45.3278
1360 45.3601
1361 45.3923
1362 45.4238
1363 45.4562
1364 45.4882
1365 45.5201
1366 45.5523
1367 45.5842
1368 45.6159
1369 45.6479
1370 45.6799
1371 45.728
1372 45.7598
1373 45.7922
1374 45.8243
1375 45.8562
1376 45.8879
1377 45.9198
1378 45.9524
1379 45.9839
1380 46.0159
1381 46.0479
1382 46.0802
1383 46.128
1384 46.16
1385 46.1924
1386 46.2239
1387 46.256
1388 46.2881
1389 46.3201
1390 46.3523
1391 46.3838
1392 46.4162
1393 46.4482
1394 46.48
1395 46.5121
1396 46.56
1397 46.5923
1398 46.624
1399 46.656
1400 46.6881
1401 46.7201
1402 46.7523
1403 46.7839
1404 46.8162
1405 46.8481
1406 46.8801
1407 46.9128
1408 46.9598
1409 46.9923
1410 47.0242
1411 47.056
1412 47.0877
1413 47.1198
1414 47.1522
1415 47.1837
1416 47.2157
1417 47.2481
1418 47.2802
1419 47.3122
1420 47.3597
1421 47.3924
1422 47.4238
1423 47.4558
1424 47.4881
1425 47.5201
1426 47.5523
1427 47.584
1428 47.6161
1429 47.6481
1430 47.68
1431 47.712
1432 47.7442
1433 47.792
1434 47.8239
1435 47.8557
1436 47.888
1437 47.9201
1438 47.952
1439 47.9838
1440 48.0158
1441 48.0478
1442 48.0798
1443 48.1123
1444 48.1438
1445 48.192
1446 48.2237
1447 48.256
1448 48.2881
1449 48.32
1450 48.3521
1451 48.3838
1452 48.4161
1453 48.448
1454 48.4797
1455 48.5119
1456 48.5438
1457 48.592
1458 48.6238
1459 48.656
1460 48.6879
1461 48.7197
1462 48.7521
1463 48.784
1464 48.8157
1465 48.8477
1466 48.8798
1467 48.9118
1468 48.9437
1469 48.976
1470 49.0239
1471 49.0561
1472 49.0881
1473 49.1199
1474 49.152
1475 49.184
1476 49.216
1477 49.2479
1478 49.28
1479 49.3121
1480 49.3437
1481 49.3759
1482 49.4237
1483 49.4559
1484 49.4879
1485 49.52
1486 49.5517
1487 49.5837
1488 49.616
1489 49.648
1490 49.6796
1491 49.7117
1492 49.744
1493 49.7757
1494 49.8077
1495 49.856
1496 49.8877
1497 49.9197
1498 49.952
1499 49.9838
1500 50.0157
1501 50.0481
1502 50.08
1503 50.1118
1504 50.144
1505 50.1759
1506 50.2079
1507 50.2556
1508 50.2876
1509 50.3196
1510 50.3517
1511 50.3836
1512 50.416
1513 50.4479
1514 50.48
1515 50.512
1516 50.5441
1517 50.5757
1518 50.6077
1519 50.6557
1520 50.688
1521 50.7197
1522 50.7516
1523 50.784
1524 50.816
1525 50.8478
1526 50.8796
1527 50.912
1528 50.944
1529 50.9757
1530 51.0077
1531 51.0399
1532 51.0879
1533 51.1198
1534 51.152
1535 51.1839
1536 51.2158
1537 51.248
1538 51.2799
1539 51.3117
1540 51.3438
1541 51.3759
1542 51.4087
1543 51.44
1544 51.4879
1545 51.5197
1546 51.5517
1547 51.5837
1548 51.616
1549 51.6486
1550 51.68
1551 51.7117
1552 51.7439
1553 51.7758
1554 51.8079
1555 51.84
1556 51.8877
1557 51.9198
1558 51.9517
1559 51.9839
1560 52.0158
1561 52.0479
1562 52.0799
1563 52.1116
1564 52.1436
1565 52.1757
1566 52.2082
1567 52.2397
1568 52.2719
1569 52.3195
1570 52.3515
1571 52.3836
1572 52.4156
1573 52.4481
1574 52.48
1575 52.512
1576 52.5438
1577 52.5759
1578 52.6081
1579 52.6398
1580 52.6719
1581 52.7197
1582 52.7517
1583 52.7838
1584 52.8158
1585 52.848
1586 52.8796
1587 52.9116
1588 52.9439
1589 52.9759
1590 53.0083
1591 53.0398
1592 53.0718
1593 53.1198
1594 53.1516
1595 53.1839
1596 53.2158
1597 53.2479
1598 53.2799
1599 53.3118
1600 53.3436
1601 53.3758
1602 53.4083
1603 53.4397
1604 53.4717
1605 53.5039
1606 53.5516
1607 53.5837
1608 53.6156
1609 53.6482
1610 53.68
1611 53.7118
1612 53.7438
1613 53.7755
1614 53.8079
1615 53.8399
1616 53.8715
1617 53.9035
1618 53.9518
1619 53.9837
1620 54.0156
1621 54.0482
1622 54.0797
1623 54.1116
1624 54.1439
1625 54.1759
1626 54.2081
1627 54.2398
1628 54.2716
1629 54.3038
1630 54.3519
1631 54.3839
1632 54.4157
1633 54.448
1634 54.4795
1635 54.5118
1636 54.5436
1637 54.5758
1638 54.608
1639 54.6398
1640 54.6718
1641 54.7038
1642 54.7359
1643 54.7835
1644 54.8158
1645 54.8477
1646 54.8799
1647 54.9118
1648 54.9437
1649 54.9757
1650 55.008
1651 55.0399
1652 55.0717
1653 55.1038
1654 55.1357
1655 55.1835
1656 55.2155
1657 55.2476
1658 55.2795
1659 55.3118
1660 55.3435
1661 55.3759
1662 55.4078
1663 55.4396
1664 55.4718
1665 55.5035
1666 55.5358
1667 55.5675
1668 55.6157
1669 55.6475
1670 55.6798
1671 55.7118
1672 55.7435
1673 55.7757
1674 55.8078
1675 55.8395
1676 55.8717
1677 55.9038
1678 55.9358
1679 55.9678
1680 56.0157
1681 56.0478
1682 56.0796
1683 56.112
1684 56.1435
1685 56.1758
1686 56.2075
1687 56.2397
1688 56.2715
1689 56.3035
1690 56.3358
1691 56.3677
1692 56.4156
1693 56.4477
1694 56.4799
1695 56.5118
1696 56.5438
1697 56.5758
1698 56.6075
1699 56.6398
1700 56.6718
1701 56.7038
1702 56.7357
1703 56.7677
1704 56.7995
1705 56.8476
1706 56.8795
1707 56.9115
1708 56.9434
1709 56.9758
1710 57.0078
1711 57.0397
1712 57.0717
1713 57.1035
1714 57.1357
1715 57.1678
1716 57.1995
1717 57.2474
1718 57.2797
1719 57.3118
1720 57.3437
1721 57.3758
1722 57.4078
1723 57.4394
1724 57.4717
1725 57.5035
1726 57.5355
1727 57.5675
1728 57.5998
1729 57.6475
1730 57.6798
1731 57.7118
1732 57.7438
1733 57.7757
1734 57.8078
1735 57.8397
1736 57.8717
1737 57.904
1738 57.9357
1739 57.9677
1740 57.9997
1741 58.0315
1742 58.0796
1743 58.1114
1744 58.1436
1745 58.1755
1746 58.2074
1747 58.2396
1748 58.2718
1749 58.3041
1750 58.3354
1751 58.3676
1752 58.3997
1753 58.4314
1754 58.4796
1755 58.5117
1756 58.5444
1757 58.5757
1758 58.6077
1759 58.6395
1760 58.6715
1761 58.704
1762 58.7356
1763 58.7676
1764 58.7996
1765 58.8317
1766 58.8795
1767 58.9117
1768 58.944
1769 58.9756
1770 59.0074
1771 59.0397
1772 59.0717
1773 59.1038
1774 59.1354
1775 59.1677
1776 59.1997
1777 59.2314
1778 59.2637
1779 59.3433
1780 59.3754
1781 59.4073
1782 59.4396
1783 59.4717
1784 59.5039
1785 59.5353
1786 59.5674
1787 59.5997
1788 59.6316
1789 59.6637
1790 59.7115
1791 59.744
1792 59.7757
1793 59.8075
1794 59.8395
1795 59.8717
1796 59.9041
1797 59.9355
1798 59.9675
1799 59.9996
1800 60.0317
1801 60.0638
1802 60.0956
1803 60.1439
1804 60.1754
1805 60.2076
1806 60.2397
1807 60.2717
1808 60.3039
1809 60.3356
1810 60.3673
1811 60.3996
1812 60.4317
1813 60.464
1814 60.4956
1815 60.5437
1816 60.5753
1817 60.6076
1818 60.6396
1819 60.6713
1820 60.7039
1821 60.7356
1822 60.7674
1823 60.7997
1824 60.8316
1825 60.8639
1826 60.8956
1827 60.9435
1828 60.9757
1829 61.0077
1830 61.0393
1831 61.0717
1832 61.1037
1833 61.1355
1834 61.1676
1835 61.1993
1836 61.2315
1837 61.2637
1838 61.2956
1839 61.3274
1840 61.3755
1841 61.4073
1842 61.4397
1843 61.4713
1844 61.5034
1845 61.5353
1846 61.5676
1847 61.5996
1848 61.6313
1849 61.6638
1850 61.6956
1851 61.7276
1852 61.7752
1853 61.8072
1854 61.8494
1855 61.8713
1856 61.9033
1857 61.9355
1858 61.9677
1859 61.9996
1860 62.0313
1861 62.0638
1862 62.0956
1863 62.1273
1864 62.1754
1865 62.2075
1866 62.2393
1867 62.2715
1868 62.3033
1869 62.3355
1870 62.3675
1871 62.3995
1872 62.4315
1873 62.4636
1874 62.4956
1875 62.5276
1876 62.5595
1877 62.6075
1878 62.6392
1879 62.6713
1880 62.7032
1881 62.7357
1882 62.7674
1883 62.7995
1884 62.8316
1885 62.8633
1886 62.8955
1887 62.9275
1888 62.9595
1889 63.0074
1890 63.0396
1891 63.0712
1892 63.1032
1893 63.1355
1894 63.1673
1895 63.1996
1896 63.2316
1897 63.2632
1898 63.2952
1899 63.3274
1900 63.3593
1901 63.4072
1902 63.4392
1903 63.4712
1904 63.5032
1905 63.5356
1906 63.5676
1907 63.5993
1908 63.6314
1909 63.6635
1910 63.6955
1911 63.7272
1912 63.7592
1913 63.7915
1914 63.8392
1915 63.8713
1916 63.9034
1917 63.9352
1918 63.9673
1919 63.9994
1920 64.0314
1921 64.0635
1922 64.0955
1923 64.1274
1924 64.1594
1925 64.1916
1926 64.2393
1927 64.2711
1928 64.3034
1929 64.3352
1930 64.3676
1931 64.3992
1932 64.4315
1933 64.4634
1934 64.4955
1935 64.5274
1936 64.5594
1937 64.5914
1938 64.6394
1939 64.6713
1940 64.7034
1941 64.7355
1942 64.7675
1943 64.7993
1944 64.8315
1945 64.8635
1946 64.8955
1947 64.9275
1948 64.9597
1949 64.9912
1950 65.0236
1951 65.0711
1952 65.1035
1953 65.1355
1954 65.1674
1955 65.1998
1956 65.2314
1957 65.2632
1958 65.2954
1959 65.3275
1960 65.3596
1961 65.3914
1962 65.4234
1963 65.4713
1964 65.5034
1965 65.5354
1966 65.5673
1967 65.5996
1968 65.6315
1969 65.6635
1970 65.6953
1971 65.7274
1972 65.7596
1973 65.7912
1974 65.8235
1975 65.8555
1976 65.9035
1977 65.9355
1978 65.9675
1979 65.9996
1980 66.0315
1981 66.0635
1982 66.0954
1983 66.1275
1984 66.1598
1985 66.1911
1986 66.2233
1987 66.2554
1988 66.3031
1989 66.3351
1990 66.3671
1991 66.3997
1992 66.4314
1993 66.4633
1994 66.4951
1995 66.5274
1996 66.5595
1997 66.5914
1998 66.6231
1999 66.6551
2000 66.7031
2001 66.7351
2002 66.7671
2003 66.7997
2004 66.8313
2005 66.8631
2006 66.8954
2007 66.9272
2008 66.9594
2009 66.9914
2010 67.0234
2011 67.0551
2012 67.0873
2013 67.1354
2014 67.1674
2015 67.1995
2016 67.2312
2017 67.2635
2018 67.2955
2019 67.3271
2020 67.3598
2021 67.3911
2022 67.4234
2023 67.4552
2024 67.487
2025 67.535
2026 67.567
2027 67.5994
2028 67.6313
2029 67.6633
2030 67.6954
2031 67.7274
2032 67.7594
2033 67.7911
2034 67.8234
2035 67.8551
2036 67.8872
2037 67.9352
2038 67.9671
2039 67.9995
2040 68.0315
2041 68.0633
2042 68.0954
2043 68.1271
2044 68.1596
2045 68.1911
2046 68.2234
2047 68.2552
2048 68.2873
2049 68.3191
2050 68.3672
2051 68.3991
2052 68.4311
2053 68.4634
2054 68.4953
2055 68.5273
2056 68.5594
2057 68.5913
2058 68.6232
2059 68.6554
2060 68.6873
2061 68.7192
2062 68.767
2063 68.7991
2064 68.8313
2065 68.8631
2066 68.8954
2067 68.9273
2068 68.9595
2069 68.9914
2070 69.0233
2071 69.0553
2072 69.087
2073 69.1193
2074 69.1672
2075 69.199
2076 69.2312
2077 69.2633
2078 69.295
2079 69.327
2080 69.3593
2081 69.3913
2082 69.4233
2083 69.4551
2084 69.4873
2085 69.519
2086 69.5513
2087 69.5993
2088 69.6313
2089 69.6633
2090 69.6953
2091 69.7273
2092 69.7592
2093 69.7912
2094 69.8233
2095 69.855
2096 69.8873
2097 69.9193
2098 69.9513
2099 69.999
2100 70.0313
2101 70.0631
2102 70.0953
2103 70.1273
2104 70.159
2105 70.1912
2106 70.2233
2107 70.255
2108 70.2873
2109 70.3193
2110 70.3513
2111 70.3989
2112 70.4312
2113 70.4631
2114 70.495
2115 70.5272
2116 70.559
2117 70.5913
2118 70.623
2119 70.6553
2120 70.6871
2121 70.7191
2122 70.7512
2123 70.7833
2124 70.8312
2125 70.8633
2126 70.8955
2127 70.9271
2128 70.9593
2129 70.9912
2130 71.0231
2131 71.0551
2132 71.087
2133 71.1189
2134 71.1512
2135 71.1833
2136 71.2311
2137 71.2631
2138 71.2953
2139 71.3272
2140 71.3592
2141 71.391
2142 71.4229
2143 71.4551
2144 71.4873
2145 71.519
2146 71.5509
2147 71.583
2148 71.6151
2149 71.6629
2150 71.6951
2151 71.7273
2152 71.7593
2153 71.7909
2154 71.8229
2155 71.8556
2156 71.8872
2157 71.9192
2158 71.9509
2159 71.9833
2160 72.0155
2161 72.0629
2162 72.0953
2163 72.1272
2164 72.1592
2165 72.1911
2166 72.2229
2167 72.2559
2168 72.2872
2169 72.3192
2170 72.3511
2171 72.383
2172 72.4154
2173 72.4631
2174 72.4954
2175 72.527
2176 72.5591
2177 72.5911
2178 72.6231
2179 72.6555
2180 72.6871
2181 72.7189
2182 72.7512
2183 72.7831
2184 72.8152
2185 72.8472
2186 72.8952
2187 72.9269
2188 72.9593
2189 72.9912
2190 73.0232
2191 73.0552
2192 73.0872
2193 73.1192
2194 73.1509
2195 73.1832
2196 73.2156
2197 73.2472
2198 73.2952
2199 73.3271
2200 73.3591
2201 73.3911
2202 73.4232
2203 73.4559
2204 73.4871
2205 73.5189
2206 73.5512
2207 73.5831
2208 73.6152
2209 73.6471
2210 73.6952
2211 73.7271
2212 73.7591
2213 73.791
2214 73.8229
2215 73.8555
2216 73.8872
2217 73.9191
2218 73.9512
2219 73.9831
2220 74.0153
2221 74.0471
2222 74.0791
2223 74.1268
2224 74.1588
2225 74.1912
2226 74.2232
2227 74.2553
2228 74.2871
2229 74.3191
2230 74.3511
2231 74.3829
2232 74.4154
2233 74.4469
2234 74.4789
2235 74.527
2236 74.559
2237 74.5908
2238 74.6232
2239 74.6551
2240 74.6871
2241 74.7191
2242 74.7511
2243 74.783
2244 74.8154
2245 74.847
2246 74.8792
2247 74.9268
2248 74.9588
2249 74.9909
2250 75.0229
2251 75.0552
2252 75.087
2253 75.1188
2254 75.1511
2255 75.183
2256 75.2148
2257 75.2471
2258 75.2789
2259 75.3108
2260 75.359
2261 75.3911
2262 75.423
2263 75.4548
2264 75.4869
2265 75.5192
2266 75.551
2267 75.5828
2268 75.6151
2269 75.6468
2270 75.679
2271 75.7108
2272 75.7588
2273 75.7908
2274 75.8228
2275 75.8551
2276 75.8868
2277 75.9191
2278 75.9508
2279 75.9832
2280 76.015
2281 76.0468
2282 76.0791
2283 76.1111
2284 76.1428
2285 76.1907
2286 76.223
2287 76.2551
2288 76.2871
2289 76.319
2290 76.3511
2291 76.3831
2292 76.4147
2293 76.4467
2294 76.479
2295 76.5109
2296 76.5431
2297 76.5908
2298 76.623
2299 76.6547
2300 76.6868
2301 76.7191
2302 76.7509
2303 76.7828
2304 76.8148
2305 76.8468
2306 76.8787
2307 76.9108
2308 76.9431
2309 76.9907
2310 77.0227
2311 77.0548
2312 77.0867
2313 77.1188
2314 77.1513
2315 77.1831
2316 77.2152
2317 77.2468
2318 77.2787
2319 77.3111
2320 77.3428
2321 77.375
2322 77.4227
2323 77.4547
2324 77.487
2325 77.5191
2326 77.5508
2327 77.5827
2328 77.6148
2329 77.6468
2330 77.6787
2331 77.7112
2332 77.7431
2333 77.7749
2334 77.8227
2335 77.8548
2336 77.8868
2337 77.9189
2338 77.951
2339 77.9831
2340 78.015
2341 78.0467
2342 78.0787
2343 78.1109
2344 78.1428
2345 78.1748
2346 78.2227
2347 78.2547
2348 78.2867
2349 78.3187
2350 78.3516
2351 78.3831
2352 78.4147
2353 78.4467
2354 78.479
2355 78.5116
2356 78.5428
2357 78.575
2358 78.6068
2359 78.6549
2360 78.6867
2361 78.719
2362 78.7512
2363 78.7829
2364 78.8151
2365 78.847
2366 78.8787
2367 78.9111
2368 78.9431
2369 78.9747
2370 79.0069
2371 79.0549
2372 79.0869
2373 79.119
2374 79.1512
2375 79.1829
2376 79.2147
2377 79.2469
2378 79.279
2379 79.311
2380 79.343
2381 79.3747
2382 79.4066
2383 79.4549
2384 79.4869
2385 79.5187
2386 79.551
2387 79.5827
2388 79.615
2389 79.6466
2390 79.6786
2391 79.7116
2392 79.743
2393 79.7749
2394 79.8067
2395 79.8389
2396 79.8869
2397 79.9186
2398 79.9513
2399 79.9829
2400 80.0146
2401 80.0469
2402 80.0789
2403 80.1113
2404 80.1426
2405 80.1751
2406 80.207
2407 80.2387
2408 80.2866
2409 80.3186
2410 80.3513
2411 80.3828
2412 80.4148
2413 80.4469
2414 80.4787
2415 80.5112
2416 80.5427
2417 80.5748
2418 80.6068
2419 80.6388
2420 80.6866
2421 80.7185
2422 80.7508
2423 80.7826
2424 80.8148
2425 80.8466
2426 80.879
2427 80.9111
2428 80.9428
2429 80.9749
2430 81.0069
2431 81.0386
2432 81.071
2433 81.1188
2434 81.1511
2435 81.1826
2436 81.215
2437 81.2466
2438 81.2788
2439 81.3109
2440 81.3426
2441 81.3746
2442 81.4068
2443 81.4389
2444 81.4708
2445 81.5187
2446 81.5508
2447 81.5829
2448 81.6148
2449 81.6465
2450 81.6789
2451 81.7108
2452 81.7426
2453 81.775
2454 81.8068
2455 81.8386
2456 81.8709
2457 81.9028
2458 81.9507
2459 81.983
2460 82.0146
2461 82.0466
2462 82.0789
2463 82.1109
2464 82.1425
2465 82.1746
2466 82.2068
2467 82.2389
2468 82.2705
2469 82.3026
2470 82.3506
2471 82.3826
2472 82.4146
2473 82.4465
2474 82.4786
2475 82.5109
2476 82.5425
2477 82.5746
2478 82.6069
2479 82.6389
2480 82.6705
2481 82.7027
2482 82.7505
2483 82.7825
2484 82.8146
2485 82.8468
2486 82.8786
2487 82.9106
2488 82.9426
2489 82.9748
2490 83.0067
2491 83.0385
2492 83.0709
2493 83.1027
2494 83.1347
2495 83.1826
2496 83.2145
2497 83.2465
2498 83.2786
2499 83.3108
2500 83.3428
2501 83.3746
2502 83.4068
2503 83.4386
2504 83.4705
2505 83.5028
2506 83.5349
2507 83.5825
2508 83.6148
2509 83.6467
2510 83.6788
2511 83.7105
2512 83.7428
2513 83.7745
2514 83.807
2515 83.8388
2516 83.8705
2517 83.9027
2518 83.9348
2519 83.9825
2520 84.0144
2521 84.0468
2522 84.0785
2523 84.1105
2524 84.1427
2525 84.1749
2526 84.2069
2527 84.2386
2528 84.2705
2529 84.3028
2530 84.3345
2531 84.3669
2532 84.4146
2533 84.4468
2534 84.4787
2535 84.5107
2536 84.5427
2537 84.5747
2538 84.6069
2539 84.6388
2540 84.6705
2541 84.7025
2542 84.7345
2543 84.7666
2544 84.8147
2545 84.847
2546 84.8787
2547 84.9105
2548 84.9427
2549 84.9747
2550 85.0071
2551 85.0387
2552 85.0706
2553 85.1026
2554 85.1348
2555 85.167
2556 85.2144
2557 85.247
2558 85.2785
2559 85.3105
2560 85.3428
2561 85.3748
2562 85.4077
2563 85.4387
2564 85.4707
2565 85.5028
2566 85.5347
2567 85.567
2568 85.5985
2569 85.6468
2570 85.6787
2571 85.7105
2572 85.7428
2573 85.7747
2574 85.8069
2575 85.8386
2576 85.8708
2577 85.9025
2578 85.9347
2579 85.967
2580 85.9984
2581 86.0464
2582 86.0784
2583 86.1104
2584 86.1424
2585 86.1744
2586 86.2074
2587 86.2386
2588 86.2706
2589 86.3027
2590 86.3348
2591 86.3668
2592 86.3985
2593 86.4306
2594 86.4786
2595 86.5106
2596 86.5427
2597 86.5745
2598 86.6068
2599 86.6384
2600 86.6704
2601 86.7028
2602 86.7345
2603 86.7667
2604 86.7987
2605 86.8307
2606 86.8784
2607 86.9104
2608 86.9424
2609 86.9744
2610 87.0071
2611 87.0384
2612 87.0708
2613 87.1027
2614 87.1346
2615 87.1667
2616 87.1987
2617 87.2305
2618 87.2788
2619 87.3108
2620 87.3425
2621 87.3746
2622 87.4068
2623 87.4386
2624 87.4706
2625 87.5025
2626 87.5347
2627 87.567
2628 87.5984
2629 87.6307
2630 87.6624
2631 87.7105
2632 87.7424
2633 87.7747
2634 87.8069
2635 87.8384
2636 87.8706
2637 87.9026
2638 87.9346
2639 87.9666
2640 87.9986
2641 88.0305
2642 88.0627
2643 88.1425
2644 88.1744
2645 88.2068
2646 88.2385
2647 88.2705
2648 88.3026
2649 88.3346
2650 88.3664
2651 88.3985
2652 88.4304
2653 88.4624
2654 88.5103
2655 88.5424
2656 88.5744
2657 88.6064
2658 88.6386
2659 88.6707
2660 88.7027
2661 88.7344
2662 88.7665
2663 88.7986
2664 88.8306
2665 88.8625
2666 88.8945
2667 88.9423
2668 88.9744
2669 89.0063
2670 89.0385
2671 89.0706
2672 89.1023
2673 89.1344
2674 89.1664
2675 89.1987
2676 89.2303
2677 89.2626
2678 89.2947
2679 89.3423
2680 89.3745
2681 89.4066
2682 89.4383
2683 89.4705
2684 89.5023
2685 89.5347
2686 89.5666
2687 89.5983
2688 89.6303
2689 89.6626
2690 89.6946
2691 89.7423
2692 89.7742
2693 89.8063
2694 89.8383
2695 89.8703
2696 89.9023
2697 89.9347
2698 89.9665
2699 89.9985
2700 90.0306
2701 90.0625
2702 90.0945
2703 90.1266
2704 90.1746
2705 90.2065
2706 90.2386
2707 90.2703
2708 90.3023
2709 90.3344
2710 90.3666
2711 90.3982
2712 90.4304
2713 90.4626
2714 90.4945
2715 90.5266
2716 90.5745
2717 90.6065
2718 90.6386
2719 90.6706
2720 90.7026
2721 90.7343
2722 90.7666
2723 90.7986
2724 90.8303
2725 90.8626
2726 90.8946
2727 90.9265
2728 90.9745
2729 91.0065
2730 91.0385
2731 91.0704
2732 91.1026
2733 91.1345
2734 91.1665
2735 91.1986
2736 91.2307
2737 91.2625
2738 91.2943
2739 91.3263
2740 91.3583
2741 91.4064
2742 91.4386
2743 91.4704
2744 91.5024
2745 91.5346
2746 91.5665
2747 91.5982
2748 91.6306
2749 91.6627
2750 91.6944
2751 91.7264
2752 91.7585
2753 91.8062
2754 91.8383
2755 91.8706
2756 91.9032
2757 91.9345
2758 91.9666
2759 91.9986
2760 92.0305
2761 92.0628
2762 92.0945
2763 92.1264
2764 92.1585
2765 92.1905
2766 92.2382
2767 92.2701
2768 92.303
2769 92.3346
2770 92.3666
2771 92.3986
2772 92.4306
2773 92.4626
2774 92.4946
2775 92.5265
2776 92.5582
2777 92.5905
2778 92.6382
2779 92.6702
2780 92.7028
2781 92.7345
2782 92.7662
2783 92.7985
2784 92.8302
2785 92.8628
2786 92.8944
2787 92.9265
2788 92.9585
2789 92.9902
2790 93.0382
2791 93.0702
2792 93.1027
2793 93.1346
2794 93.1664
2795 93.1984
2796 93.2305
2797 93.2625
2798 93.2943
2799 93.3265
2800 93.3585
2801 93.3902
2802 93.4228
2803 93.4704
2804 93.5025
2805 93.5345
2806 93.5664
2807 93.5984
2808 93.6305
2809 93.6628
2810 93.6945
2811 93.7265
2812 93.7581
2813 93.7905
2814 93.8226
2815 93.8701
2816 93.9025
2817 93.9342
2818 93.9662
2819 93.9986
2820 94.0306
2821 94.0627
2822 94.0944
2823 94.1265
2824 94.1581
2825 94.1901
2826 94.2227
2827 94.2703
2828 94.3024
2829 94.3343
2830 94.3665
2831 94.3982
2832 94.4302
2833 94.4626
2834 94.4945
2835 94.5262
2836 94.5582
2837 94.5902
2838 94.6226
2839 94.6544
2840 94.7022
2841 94.7346
2842 94.7666
2843 94.7986
2844 94.8305
2845 94.8622
2846 94.8943
2847 94.9264
2848 94.9581
2849 94.9901
2850 95.0222
2851 95.0543
2852 95.1021
2853 95.1345
2854 95.1663
2855 95.1984
2856 95.2304
2857 95.2625
2858 95.2944
2859 95.3261
2860 95.3584
2861 95.3904
2862 95.4224
2863 95.4541
2864 95.5021
2865 95.5345
2866 95.5665
2867 95.5983
2868 95.6301
2869 95.6624
2870 95.6943
2871 95.7263
2872 95.7583
2873 95.7901
2874 95.8222
2875 95.8544
2876 95.8863
2877 95.9341
2878 95.9664
2879 95.9981
2880 96.0303
2881 96.0623
2882 96.0944
2883 96.1261
2884 96.1583
2885 96.1902
2886 96.2223
2887 96.2541
2888 96.2861
2889 96.3341
2890 96.3661
2891 96.3982
2892 96.4304
2893 96.4621
2894 96.4944
2895 96.5263
2896 96.5583
2897 96.59
2898 96.6224
2899 96.654
2900 96.6863
2901 96.7342
2902 96.766
2903 96.7984
2904 96.8301
2905 96.8623
2906 96.8944
2907 96.9261
2908 96.958
2909 96.9901
2910 97.0221
2911 97.0544
2912 97.0863
2913 97.1186
2914 97.166
2915 97.198
2916 97.23
2917 97.262
2918 97.2944
2919 97.3264
2920 97.3587
2921 97.3904
2922 97.422
2923 97.454
2924 97.4861
2925 97.5182
2926 97.566
2927 97.5982
2928 97.6303
2929 97.6623
2930 97.6943
2931 97.7261
2932 97.7582
2933 97.7901
2934 97.8223
2935 97.8543
2936 97.886
2937 97.9181
2938 97.9504
2939 97.9982
2940 98.03
2941 98.062
2942 98.0943
2943 98.1263
2944 98.1585
2945 98.1901
2946 98.2224
2947 98.2542
2948 98.2862
2949 98.3186
2950 98.3501
2951 98.3983
2952 98.43
2953 98.4619
2954 98.4939
2955 98.5263
2956 98.5589
2957 98.5903
2958 98.6224
2959 98.6542
2960 98.686
2961 98.7185
2962 98.75
2963 98.798
2964 98.83
2965 98.8623
2966 98.894
2967 98.9262
2968 98.9585
2969 98.99
2970 99.022
2971 99.054
2972 99.086
2973 99.1184
2974 99.1499
2975 99.182
2976 99.2302
2977 99.2621
2978 99.2942
2979 99.3263
2980 99.359
2981 99.3903
2982 99.4223
2983 99.4542
2984 99.4863
2985 99.5185
2986 99.5502
2987 99.582
2988 99.6299
2989 99.6623
2990 99.694
2991 99.7262
2992 99.7585
2993 99.7902
2994 99.8219
2995 99.854
2996 99.886
2997 99.9186
2998 99.95
2999 99.982
3000 100.03
3001 100.062
3002 100.094
3003 100.126
3004 100.159
3005 100.19
3006 100.222
3007 100.254
3008 100.286
3009 100.318
3010 100.35
3011 100.382
3012 100.414
3013 100.462
3014 100.494
3015 100.526
3016 100.558
3017 100.59
3018 100.622
3019 100.654
3020 100.686
3021 100.718
3022 100.75
3023 100.782
3024 100.814
3025 100.862
3026 100.894
3027 100.926
3028 100.958
3029 100.99
3030 101.022
3031 101.054
3032 101.086
3033 101.118
3034 101.15
3035 101.182
3036 101.214
3037 101.262
3038 101.294
3039 101.326
3040 101.358
3041 101.39
3042 101.422
3043 101.454
3044 101.486
3045 101.518
3046 101.55
3047 101.582
3048 101.614
3049 101.646
3050 101.694
3051 101.726
3052 101.758
3053 101.79
3054 101.822
3055 101.854
3056 101.886
3057 101.918
3058 101.95
3059 101.982
3060 102.014
3061 102.046
3062 102.094
3063 102.126
3064 102.158
3065 102.19
3066 102.222
3067 102.254
3068 102.286
3069 102.318
3070 102.35
3071 102.382
3072 102.414
3073 102.446
3074 102.478
3075 102.526
3076 102.558
3077 102.59
3078 102.622
3079 102.654
3080 102.686
3081 102.718
3082 102.75
3083 102.782
3084 102.814
3085 102.846
3086 102.878
3087 102.926
3088 102.958
3089 102.99
3090 103.022
3091 103.054
3092 103.086
3093 103.118
3094 103.15
3095 103.182
3096 103.214
3097 103.246
3098 103.278
3099 103.326
3100 103.358
3101 103.39
3102 103.422
3103 103.454
3104 103.486
3105 103.518
3106 103.55
3107 103.582
3108 103.614
3109 103.646
3110 103.678
3111 103.71
3112 103.758
3113 103.79
3114 103.822
3115 103.854
3116 103.886
3117 103.918
3118 103.95
3119 103.982
3120 104.014
3121 104.046
3122 104.078
3123 104.11
3124 104.158
3125 104.19
3126 104.222
3127 104.254
3128 104.286
3129 104.318
3130 104.35
3131 104.382
3132 104.414
3133 104.446
3134 104.478
3135 104.51
3136 104.558
3137 104.59
3138 104.622
3139 104.654
3140 104.686
3141 104.718
3142 104.75
3143 104.782
3144 104.814
3145 104.846
3146 104.878
3147 104.91
3148 104.942
3149 104.99
3150 105.022
3151 105.055
3152 105.086
3153 105.118
3154 105.15
3155 105.182
3156 105.214
3157 105.246
3158 105.278
3159 105.31
3160 105.342
3161 105.39
3162 105.422
3163 105.454
3164 105.486
3165 105.518
3166 105.55
3167 105.582
3168 105.614
3169 105.646
3170 105.678
3171 105.71
3172 105.742
3173 105.79
3174 105.822
3175 105.855
3176 105.886
3177 105.918
3178 105.95
3179 105.982
3180 106.014
3181 106.046
3182 106.078
3183 106.11
3184 106.142
3185 106.174
3186 106.222
3187 106.254
3188 106.286
3189 106.318
3190 106.35
3191 106.382
3192 106.414
3193 106.446
3194 106.478
3195 106.51
3196 106.542
3197 106.574
3198 106.622
3199 106.654
3200 106.686
3201 106.718
3202 106.75
3203 106.782
3204 106.814
3205 106.846
3206 106.878
3207 106.91
3208 106.942
3209 106.974
3210 107.022
3211 107.054
3212 107.086
3213 107.118
3214 107.15
3215 107.182
3216 107.214
3217 107.246
3218 107.278
3219 107.31
3220 107.342
3221 107.374
3222 107.406
3223 107.454
3224 107.486
3225 107.518
3226 107.55
3227 107.582
3228 107.614
3229 107.646
3230 107.678
3231 107.71
3232 107.742
3233 107.774
3234 107.806
3235 107.854
3236 107.886
3237 107.918
3238 107.95
3239 107.982
3240 108.014
3241 108.046
3242 108.078
3243 108.11
3244 108.142
3245 108.174
3246 108.206
3247 108.238
3248 108.286
3249 108.318
3250 108.35
3251 108.382
3252 108.414
3253 108.446
3254 108.478
3255 108.51
3256 108.542
3257 108.574
3258 108.606
3259 108.638
3260 108.686
3261 108.718
3262 108.75
3263 108.782
3264 108.814
3265 108.846
3266 108.878
3267 108.91
3268 108.942
3269 108.974
3270 109.006
3271 109.038
3272 109.086
3273 109.118
3274 109.15
3275 109.182
3276 109.214
3277 109.246
3278 109.278
3279 109.31
3280 109.342
3281 109.374
3282 109.406
3283 109.438
3284 109.47
3285 109.518
3286 109.55
3287 109.582
3288 109.614
3289 109.646
3290 109.678
3291 109.71
3292 109.742
3293 109.774
3294 109.806
3295 109.838
3296 109.87
3297 109.918
3298 109.95
3299 109.982
3300 110.014
3301 110.046
3302 110.078
3303 110.11
3304 110.142
3305 110.174
3306 110.206
3307 110.238
3308 110.27
3309 110.318
3310 110.35
3311 110.382
3312 110.414
3313 110.446
3314 110.478
3315 110.51
3316 110.542
3317 110.574
3318 110.606
3319 110.638
3320 110.67
3321 110.702
3322 110.749
3323 110.782
3324 110.814
3325 110.846
3326 110.878
3327 110.911
3328 110.942
3329 110.974
3330 111.006
3331 111.038
3332 111.07
3333 111.102
3334 111.15
3335 111.182
3336 111.214
3337 111.246
3338 111.278
3339 111.31
3340 111.342
3341 111.374
3342 111.406
3343 111.438
3344 111.47
3345 111.502
3346 111.55
3347 111.581
3348 111.614
3349 111.645
3350 111.678
3351 111.71
3352 111.742
3353 111.774
3354 111.806
3355 111.837
3356 111.87
3357 111.902
3358 111.934
3359 111.982
3360 112.014
3361 112.046
3362 112.078
3363 112.11
3364 112.142
3365 112.174
3366 112.206
3367 112.238
3368 112.27
3369 112.302
3370 112.334
3371 112.382
3372 112.414
3373 112.446
3374 112.478
3375 112.51
3376 112.542
3377 112.574
3378 112.606
3379 112.638
3380 112.67
3381 112.701
3382 112.733
3383 112.766
3384 112.813
3385 112.845
3386 112.878
3387 112.91
3388 112.942
3389 112.974
3390 113.005
3391 113.038
3392 113.07
3393 113.101
3394 113.134
3395 113.166
3396 113.214
3397 113.246
3398 113.278
3399 113.31
3400 113.342
3401 113.374
3402 113.406
3403 113.437
3404 113.47
3405 113.502
3406 113.534
3407 113.565
3408 113.613
3409 113.646
3410 113.677
3411 113.71
3412 113.742
3413 113.773
3414 113.806
3415 113.838
3416 113.87
3417 113.902
3418 113.934
3419 113.966
3420 113.998
3421 114.045
3422 114.077
3423 114.11
3424 114.141
3425 114.174
3426 114.206
3427 114.237
3428 114.27
3429 114.302
3430 114.334
3431 114.365
3432 114.397
3433 114.446
3434 114.478
3435 114.51
3436 114.541
3437 114.574
3438 114.605
3439 114.637
3440 114.67
3441 114.702
3442 114.733
3443 114.766
3444 114.798
3445 114.846
3446 114.878
3447 114.91
3448 114.942
3449 114.974
3450 115.006
3451 115.038
3452 115.07
3453 115.101
3454 115.134
3455 115.166
3456 115.198
3457 115.23
3458 115.31
3459 115.341
3460 115.374
3461 115.406
3462 115.437
3463 115.469
3464 115.502
3465 115.534
3466 115.565
3467 115.598
3468 115.63
3469 115.677
3470 115.709
3471 115.741
3472 115.773
3473 115.806
3474 115.838
3475 115.87
3476 115.901
3477 115.934
3478 115.965
3479 115.998
3480 116.03
3481 116.077
3482 116.11
3483 116.142
3484 116.174
3485 116.206
3486 116.237
3487 116.27
3488 116.302
3489 116.334
3490 116.366
3491 116.397
3492 116.43
3493 116.462
3494 116.51
3495 116.541
3496 116.574
3497 116.606
3498 116.638
3499 116.669
3500 116.702
3501 116.734
3502 116.766
3503 116.798
3504 116.83
3505 116.862
3506 116.909
3507 116.942
3508 116.973
3509 117.005
3510 117.037
3511 117.07
3512 117.102
3513 117.134
3514 117.166
3515 117.198
3516 117.229
3517 117.262
3518 117.309
3519 117.342
3520 117.373
3521 117.406
3522 117.437
3523 117.47
3524 117.502
3525 117.533
3526 117.566
3527 117.598
3528 117.629
3529 117.662
3530 117.694
3531 117.741
3532 117.773
3533 117.806
3534 117.838
3535 117.869
3536 117.902
3537 117.933
3538 117.965
3539 117.998
3540 118.03
3541 118.061
3542 118.094
3543 118.141
3544 118.173
3545 118.206
3546 118.237
3547 118.269
3548 118.301
3549 118.333
3550 118.366
3551 118.398
3552 118.429
3553 118.461
3554 118.494
3555 118.526
3556 118.573
3557 118.606
3558 118.638
3559 118.669
3560 118.701
3561 118.734
3562 118.766
3563 118.798
3564 118.83
3565 118.861
3566 118.893
3567 118.926
3568 118.973
3569 119.006
3570 119.038
3571 119.069
3572 119.101
3573 119.134
3574 119.166
3575 119.197
3576 119.23
3577 119.261
3578 119.293
3579 119.326
3580 119.373
3581 119.406
3582 119.438
3583 119.47
3584 119.501
3585 119.533
3586 119.566
3587 119.597
3588 119.629
3589 119.662
3590 119.693
3591 119.726
3592 119.758
3593 119.806
3594 119.837
3595 119.87
3596 119.901
3597 119.933
3598 119.966
3599 119.997
3600 120.029
3601 120.062
3602 120.093
3603 120.126
3604 120.158
3605 120.206
3606 120.237
3607 120.27
3608 120.301
3609 120.333
3610 120.366
3611 120.398
3612 120.429
3613 120.461
3614 120.494
3615 120.526
3616 120.557
3617 120.606
3618 120.638
3619 120.669
3620 120.701
3621 120.734
3622 120.766
3623 120.797
3624 120.829
3625 120.861
3626 120.894
3627 120.926
3628 120.957
3629 120.989
3630 121.037
3631 121.069
3632 121.101
3633 121.133
3634 121.166
3635 121.197
3636 121.229
3637 121.262
3638 121.293
3639 121.325
3640 121.357
3641 121.389
3642 121.437
3643 121.47
3644 121.501
3645 121.533
3646 121.565
3647 121.597
3648 121.629
3649 121.662
3650 121.693
3651 121.725
3652 121.757
3653 121.789
3654 121.837
3655 121.869
3656 121.901
3657 121.933
3658 121.965
3659 121.997
3660 122.029
3661 122.061
3662 122.093
3663 122.125
3664 122.158
3665 122.189
3666 122.221
3667 122.269
3668 122.302
3669 122.333
3670 122.365
3671 122.397
3672 122.429
3673 122.461
3674 122.493
3675 122.525
3676 122.557
3677 122.589
3678 122.622
3679 122.669
3680 122.701
3681 122.733
3682 122.765
3683 122.797
3684 122.829
3685 122.862
3686 122.893
3687 122.925
3688 122.958
3689 122.989
3690 123.021
3691 123.069
3692 123.101
3693 123.133
3694 123.166
3695 123.197
3696 123.229
3697 123.261
3698 123.293
3699 123.325
3700 123.358
3701 123.389
3702 123.421
3703 123.453
3704 123.501
3705 123.533
3706 123.565
3707 123.598
3708 123.629
3709 123.661
3710 123.693
3711 123.725
3712 123.757
3713 123.789
3714 123.822
3715 123.853
3716 123.901
3717 123.933
3718 123.965
3719 123.997
3720 124.029
3721 124.061
3722 124.093
3723 124.125
3724 124.157
3725 124.189
3726 124.221
3727 124.253
3728 124.285
3729 124.333
3730 124.365
3731 124.397
3732 124.429
3733 124.461
3734 124.493
3735 124.525
3736 124.557
3737 124.589
3738 124.622
3739 124.653
3740 124.685
3741 124.733
3742 124.765
3743 124.798
3744 124.83
3745 124.861
3746 124.893
3747 124.925
3748 124.957
3749 124.989
3750 125.022
3751 125.053
3752 125.085
3753 125.133
3754 125.165
3755 125.197
3756 125.229
3757 125.261
3758 125.293
3759 125.325
3760 125.357
3761 125.389
3762 125.422
3763 125.453
3764 125.485
3765 125.517
3766 125.565
3767 125.597
3768 125.629
3769 125.662
3770 125.693
3771 125.725
3772 125.757
3773 125.789
3774 125.822
3775 125.853
3776 125.885
3777 125.917
3778 125.965
3779 125.997
3780 126.029
3781 126.061
3782 126.093
3783 126.125
3784 126.157
3785 126.189
3786 126.222
3787 126.253
3788 126.285
3789 126.317
3790 126.365
3791 126.397
3792 126.461
3793 126.47
3794 126.493
3795 126.525
3796 126.557
3797 126.589
3798 126.622
3799 126.653
3800 126.685
3801 126.717
3802 126.749
3803 126.797
3804 126.829
3805 126.861
3806 126.893
3807 126.925
3808 126.957
3809 126.989
3810 127.021
3811 127.053
3812 127.085
3813 127.117
3814 127.149
3815 127.197
3816 127.229
3817 127.261
3818 127.293
3819 127.325
3820 127.357
3821 127.389
3822 127.421
3823 127.453
3824 127.485
3825 127.517
3826 127.55
3827 127.597
3828 127.629
3829 127.662
3830 127.693
3831 127.725
3832 127.757
3833 127.789
3834 127.821
3835 127.853
3836 127.885
3837 127.917
3838 127.949
3839 127.981
3840 128.029
3841 128.061
3842 128.093
3843 128.125
3844 128.157
3845 128.189
3846 128.221
3847 128.253
3848 128.285
3849 128.317
3850 128.349
3851 128.381
3852 128.429
3853 128.461
3854 128.493
3855 128.525
3856 128.557
3857 128.589
3858 128.621
3859 128.653
3860 128.685
3861 128.717
3862 128.749
3863 128.781
3864 128.813
3865 128.861
3866 128.893
3867 128.925
3868 128.957
3869 128.989
3870 129.021
3871 129.053
3872 129.085
3873 129.117
3874 129.149
3875 129.181
3876 129.213
3877 129.261
3878 129.293
3879 129.325
3880 129.357
3881 129.389
3882 129.421
3883 129.453
3884 129.485
3885 129.517
3886 129.549
3887 129.581
3888 129.613
3889 129.661
3890 129.693
3891 129.725
3892 129.757
3893 129.789
3894 129.821
3895 129.853
3896 129.885
3897 129.917
3898 129.949
3899 129.981
3900 130.013
3901 130.045
3902 130.093
3903 130.125
3904 130.157
3905 130.189
3906 130.221
3907 130.253
3908 130.285
3909 130.317
3910 130.349
3911 130.381
3912 130.413
3913 130.445
3914 130.493
3915 130.525
3916 130.557
3917 130.589
3918 130.621
3919 130.653
3920 130.685
3921 130.717
3922 130.749
3923 130.781
3924 130.813
3925 130.845
3926 130.893
3927 130.925
3928 130.957
3929 130.989
3930 131.021
3931 131.053
3932 131.085
3933 131.117
3934 131.149
3935 131.181
3936 131.213
3937 131.245
3938 131.277
3939 131.325
3940 131.358
3941 131.389
3942 131.421
3943 131.453
3944 131.485
3945 131.517
3946 131.549
3947 131.581
3948 131.613
3949 131.645
3950 131.677
3951 131.725
3952 131.757
3953 131.789
3954 131.821
3955 131.853
3956 131.885
3957 131.917
3958 131.949
3959 131.981
3960 132.013
3961 132.045
3962 132.078
3963 132.125
3964 132.157
3965 132.189
3966 132.221
3967 132.253
3968 132.285
3969 132.317
3970 132.349
3971 132.381
3972 132.413
3973 132.445
3974 132.477
3975 132.509
3976 132.557
3977 132.589
3978 132.621
3979 132.653
3980 132.685
3981 132.717
3982 132.749
3983 132.781
3984 132.813
3985 132.845
3986 132.877
3987 132.909
3988 132.957
3989 132.989
3990 133.021
3991 133.053
3992 133.085
3993 133.118
3994 133.149
3995 133.181
3996 133.213
3997 133.245
3998 133.277
3999 133.309
4000 133.357
4001 133.389
4002 133.421
4003 133.453
4004 133.485
4005 133.517
4006 133.549
4007 133.581
4008 133.613
4009 133.645
4010 133.677
4011 133.709
4012 133.741
4013 133.789
4014 133.821
4015 133.853
4016 133.885
4017 133.917
4018 133.949
4019 133.981
4020 134.013
4021 134.045
4022 134.077
4023 134.109
4024 134.141
4025 134.189
4026 134.221
4027 134.253
4028 134.285
4029 134.317
4030 134.349
4031 134.381
4032 134.413
4033 134.445
4034 134.477
4035 134.509
4036 134.541
4037 134.573
4038 134.621
4039 134.653
4040 134.685
4041 134.717
4042 134.749
4043 134.781
4044 134.813
4045 134.845
4046 134.877
4047 134.909
4048 134.941
4049 134.973
4050 135.021
4051 135.053
4052 135.085
4053 135.117
4054 135.149
4055 135.181
4056 135.213
4057 135.245
4058 135.277
4059 135.309
4060 135.341
4061 135.373
4062 135.421
4063 135.453
4064 135.485
4065 135.517
4066 135.549
4067 135.581
4068 135.613
4069 135.645
4070 135.677
4071 135.709
4072 135.741
4073 135.773
4074 135.805
4075 135.853
4076 135.885
4077 135.917
4078 135.949
4079 135.981
4080 136.013
4081 136.045
4082 136.077
4083 136.109
4084 136.141
4085 136.173
4086 136.205
4087 136.253
4088 136.285
4089 136.317
4090 136.349
4091 136.381
4092 136.413
4093 136.445
4094 136.477
4095 136.509
4096 136.541
4097 136.573
4098 136.605
4099 136.653
4100 136.685
4101 136.717
4102 136.749
4103 136.781
4104 136.813
4105 136.845
4106 136.877
4107 136.909
4108 136.941
4109 136.973
4110 137.005
4111 137.037
4112 137.085
4113 137.117
4114 137.149
4115 137.181
4116 137.213
4117 137.245
4118 137.277
4119 137.309
4120 137.341
4121 137.373
4122 137.405
4123 137.437
4124 137.485
4125 137.517
4126 137.549
4127 137.581
4128 137.614
4129 137.645
4130 137.677
4131 137.709
4132 137.741
4133 137.773
4134 137.805
4135 137.837
4136 137.885
4137 137.917
4138 137.949
4139 137.981
4140 138.013
4141 138.045
4142 138.077
4143 138.109
4144 138.141
4145 138.173
4146 138.205
4147 138.237
4148 138.269
4149 138.317
4150 138.349
4151 138.381
4152 138.413
4153 138.445
4154 138.477
4155 138.509
4156 138.541
4157 138.573
4158 138.605
4159 138.637
4160 138.669
4161 138.717
4162 138.749
4163 138.781
4164 138.813
4165 138.845
4166 138.877
4167 138.909
4168 138.941
4169 138.973
4170 139.005
4171 139.037
4172 139.069
4173 139.117
4174 139.149
4175 139.181
4176 139.213
4177 139.245
4178 139.277
4179 139.309
4180 139.341
4181 139.373
4182 139.405
4183 139.437
4184 139.469
4185 139.501
4186 139.549
4187 139.581
4188 139.613
4189 139.645
4190 139.677
4191 139.709
4192 139.741
4193 139.773
4194 139.805
4195 139.837
4196 139.869
4197 139.901
4198 139.949
4199 139.981
4200 140.013
4201 140.045
4202 140.077
4203 140.109
4204 140.141
4205 140.173
4206 140.205
4207 140.237
4208 140.269
4209 140.301
4210 140.333
4211 140.38
4212 140.413
4213 140.445
4214 140.477
4215 140.509
4216 140.541
4217 140.573
4218 140.605
4219 140.637
4220 140.669
4221 140.701
4222 140.733
4223 140.781
4224 140.813
4225 140.845
4226 140.877
4227 140.909
4228 140.941
4229 140.973
4230 141.005
4231 141.037
4232 141.069
4233 141.101
4234 141.133
4235 141.181
4236 141.213
4237 141.245
4238 141.277
4239 141.309
4240 141.341
4241 141.373
4242 141.405
4243 141.436
4244 141.469
4245 141.501
4246 141.533
4247 141.565
4248 141.613
4249 141.645
4250 141.677
4251 141.709
4252 141.741
4253 141.773
4254 141.805
4255 141.837
4256 141.868
4257 141.901
4258 141.933
4259 141.965
4260 142.013
4261 142.045
4262 142.077
4263 142.108
4264 142.141
4265 142.173
4266 142.205
4267 142.236
4268 142.269
4269 142.301
4270 142.333
4271 142.365
4272 142.412
4273 142.445
4274 142.477
4275 142.509
4276 142.541
4277 142.572
4278 142.605
4279 142.637
4280 142.669
4281 142.701
4282 142.733
4283 142.765
4284 142.797
4285 142.876
4286 142.908
4287 142.94
4288 142.973
4289 143.004
4290 143.037
4291 143.069
4292 143.101
4293 143.133
4294 143.165
4295 143.196
4296 143.244
4297 143.276
4298 143.308
4299 143.341
4300 143.372
4301 143.405
4302 143.436
4303 143.469
4304 143.501
4305 143.533
4306 143.565
4307 143.597
4308 143.645
4309 143.677
4310 143.709
4311 143.741
4312 143.773
4313 143.805
4314 143.837
4315 143.869
4316 143.901
4317 143.933
4318 143.965
4319 143.996
4320 144.029
4321 144.076
4322 144.109
4323 144.141
4324 144.173
4325 144.204
4326 144.237
4327 144.269
4328 144.301
4329 144.333
4330 144.365
4331 144.397
4332 144.429
4333 144.477
4334 144.509
4335 144.541
4336 144.573
4337 144.605
4338 144.636
4339 144.669
4340 144.701
4341 144.733
4342 144.765
4343 144.797
4344 144.829
4345 144.86
4346 144.909
4347 144.94
4348 144.972
4349 145.004
4350 145.036
4351 145.069
4352 145.101
4353 145.132
4354 145.164
4355 145.197
4356 145.229
4357 145.261
4358 145.309
4359 145.34
4360 145.373
4361 145.405
4362 145.437
4363 145.469
4364 145.501
4365 145.533
4366 145.565
4367 145.597
4368 145.629
4369 145.66
4370 145.709
4371 145.74
4372 145.772
4373 145.805
4374 145.837
4375 145.869
4376 145.901
4377 145.933
4378 145.964
4379 145.997
4380 146.029
4381 146.06
4382 146.093
4383 146.14
4384 146.172
4385 146.204
4386 146.236
4387 146.269
4388 146.301
4389 146.333
4390 146.365
4391 146.397
4392 146.429
4393 146.461
4394 146.493
4395 146.54
4396 146.572
4397 146.605
4398 146.637
4399 146.669
4400 146.701
4401 146.733
4402 146.765
4403 146.797
4404 146.829
4405 146.861
4406 146.893
4407 146.94
4408 146.972
4409 147.005
4410 147.036
4411 147.069
4412 147.101
4413 147.133
4414 147.165
4415 147.197
4416 147.229
4417 147.26
4418 147.293
4419 147.325
4420 147.372
4421 147.405
4422 147.437
4423 147.469
4424 147.501
4425 147.533
4426 147.565
4427 147.596
4428 147.629
4429 147.661
4430 147.693
4431 147.725
4432 147.772
4433 147.804
4434 147.837
4435 147.869
4436 147.901
4437 147.932
4438 147.965
4439 147.997
4440 148.029
4441 148.06
4442 148.092
4443 148.125
4444 148.172
4445 148.204
4446 148.236
4447 148.269
4448 148.3
4449 148.332
4450 148.364
4451 148.397
4452 148.429
4453 148.461
4454 148.492
4455 148.524
4456 148.556
4457 148.604
4458 148.636
4459 148.669
4460 148.701
4461 148.732
4462 148.764
4463 148.797
4464 148.829
4465 148.86
4466 148.892
4467 148.924
4468 148.957
4469 149.004
4470 149.036
4471 149.068
4472 149.1
4473 149.133
4474 149.164
4475 149.197
4476 149.228
4477 149.26
4478 149.292
4479 149.325
4480 149.356
4481 149.404
4482 149.436
4483 149.468
4484 149.5
4485 149.533
4486 149.564
4487 149.596
4488 149.629
4489 149.66
4490 149.692
4491 149.725
4492 149.756
4493 149.788
4494 149.836
4495 149.868
4496 149.9
4497 149.933
4498 149.964
4499 149.996
4500 150.029
4501 150.06
4502 150.093
4503 150.125
4504 150.156
4505 150.188
4506 150.236
4507 150.268
4508 150.3
4509 150.333
4510 150.364
4511 150.396
4512 150.428
4513 150.46
4514 150.492
4515 150.525
4516 150.556
4517 150.589
4518 150.621
4519 150.668
4520 150.7
4521 150.732
4522 150.764
4523 150.796
4524 150.828
4525 150.86
4526 150.892
4527 150.925
4528 150.957
4529 150.988
4530 151.02
4531 151.068
4532 151.1
4533 151.132
4534 151.165
4535 151.196
4536 151.229
4537 151.26
4538 151.292
4539 151.325
4540 151.356
4541 151.388
4542 151.42
4543 151.468
4544 151.5
4545 151.533
4546 151.565
4547 151.596
4548 151.628
4549 151.66
4550 151.692
4551 151.725
4552 151.756
4553 151.788
4554 151.82
4555 151.852
4556 151.9
4557 151.932
4558 151.965
4559 151.996
4560 152.028
4561 152.06
4562 152.093
4563 152.125
4564 152.156
4565 152.188
4566 152.22
4567 152.252
4568 152.3
4569 152.332
4570 152.365
4571 152.396
4572 152.428
4573 152.46
4574 152.492
4575 152.525
4576 152.556
4577 152.588
4578 152.62
4579 152.653
4580 152.7
4581 152.732
4582 152.765
4583 152.796
4584 152.828
4585 152.86
4586 152.892
4587 152.924
4588 152.956
4589 152.988
4590 153.02
4591 153.052
4592 153.085
4593 153.132
4594 153.164
4595 153.196
4596 153.228
4597 153.26
4598 153.292
4599 153.325
4600 153.356
4601 153.388
4602 153.42
4603 153.452
4604 153.485
4605 153.532
4606 153.565
4607 153.596
4608 153.628
4609 153.66
4610 153.692
4611 153.724
4612 153.756
4613 153.788
4614 153.82
4615 153.852
4616 153.885
4617 153.932
4618 153.964
4619 153.996
4620 154.028
4621 154.06
4622 154.092
4623 154.124
4624 154.156
4625 154.188
4626 154.22
4627 154.252
4628 154.284
4629 154.316
4630 154.364
4631 154.396
4632 154.428
4633 154.46
4634 154.492
4635 154.524
4636 154.556
4637 154.588
4638 154.62
4639 154.652
4640 154.684
4641 154.716
4642 154.764
4643 154.796
4644 154.828
4645 154.86
4646 154.892
4647 154.924
4648 154.956
4649 154.988
4650 155.02
4651 155.052
4652 155.084
4653 155.116
4654 155.148
4655 155.196
4656 155.228
4657 155.26
4658 155.292
4659 155.324
4660 155.356
4661 155.388
4662 155.42
4663 155.452
4664 155.484
4665 155.516
4666 155.548
4667 155.596
4668 155.628
4669 155.66
4670 155.692
4671 155.724
4672 155.756
4673 155.788
4674 155.82
4675 155.852
4676 155.884
4677 155.916
4678 155.948
4679 155.996
4680 156.028
4681 156.061
4682 156.092
4683 156.124
4684 156.156
4685 156.188
4686 156.22
4687 156.252
4688 156.284
4689 156.316
4690 156.348
4691 156.38
4692 156.428
4693 156.46
4694 156.492
4695 156.524
4696 156.556
4697 156.588
4698 156.62
4699 156.652
4700 156.684
4701 156.716
4702 156.748
4703 156.78
4704 156.828
4705 156.86
4706 156.892
4707 156.924
4708 156.956
4709 156.988
4710 157.02
4711 157.052
4712 157.084
4713 157.116
4714 157.148
4715 157.18
4716 157.228
4717 157.26
4718 157.292
4719 157.324
4720 157.356
4721 157.388
4722 157.421
4723 157.452
4724 157.484
4725 157.516
4726 157.548
4727 157.58
4728 157.612
4729 157.661
4730 157.692
4731 157.724
4732 157.756
4733 157.788
4734 157.821
4735 157.852
4736 157.884
4737 157.916
4738 157.948
4739 157.98
4740 158.012
4741 158.06
4742 158.092
4743 158.124
4744 158.156
4745 158.188
4746 158.22
4747 158.252
4748 158.284
4749 158.316
4750 158.348
4751 158.381
4752 158.412
4753 158.46
4754 158.492
4755 158.524
4756 158.556
4757 158.588
4758 158.621
4759 158.652
4760 158.684
4761 158.716
4762 158.748
4763 158.78
4764 158.812
4765 158.844
4766 158.892
4767 158.924
4768 158.956
4769 158.988
4770 159.02
4771 159.052
4772 159.084
4773 159.116
4774 159.148
4775 159.181
4776 159.212
4777 159.244
4778 159.292
4779 159.324
4780 159.356
4781 159.388
4782 159.42
4783 159.452
4784 159.484
4785 159.516
4786 159.548
4787 159.581
4788 159.612
4789 159.644
4790 159.692
4791 159.724
4792 159.756
4793 159.788
4794 159.82
4795 159.852
4796 159.884
4797 159.916
4798 159.948
4799 159.98
4800 160.012
4801 160.044
4802 160.076
4803 160.124
4804 160.156
4805 160.188
4806 160.22
4807 160.252
4808 160.284
4809 160.316
4810 160.348
4811 160.38
4812 160.412
4813 160.444
4814 160.476
4815 160.524
4816 160.556
4817 160.588
4818 160.62
4819 160.652
4820 160.684
4821 160.716
4822 160.748
4823 160.78
4824 160.812
4825 160.844
4826 160.876
4827 160.908
4828 160.956
4829 160.988
4830 161.02
4831 161.052
4832 161.084
4833 161.116
4834 161.148
4835 161.18
4836 161.212
4837 161.244
4838 161.276
4839 161.308
4840 161.356
4841 161.388
4842 161.42
4843 161.452
4844 161.484
4845 161.516
4846 161.548
4847 161.58
4848 161.612
4849 161.644
4850 161.676
4851 161.708
4852 161.756
4853 161.788
4854 161.82
4855 161.852
4856 161.884
4857 161.916
4858 161.948
4859 161.98
4860 162.012
4861 162.044
4862 162.076
4863 162.108
4864 162.14
4865 162.188
4866 162.22
4867 162.252
4868 162.284
4869 162.316
4870 162.348
4871 162.38
4872 162.412
4873 162.444
4874 162.476
4875 162.508
4876 162.54
4877 162.588
4878 162.62
4879 162.652
4880 162.684
4881 162.716
4882 162.748
4883 162.78
4884 162.812
4885 162.844
4886 162.876
4887 162.908
4888 162.94
4889 162.988
4890 163.02
4891 163.052
4892 163.084
4893 163.116
4894 163.148
4895 163.18
4896 163.212
4897 163.244
4898 163.276
4899 163.308
4900 163.34
4901 163.372
4902 163.42
4903 163.452
4904 163.484
4905 163.517
4906 163.548
4907 163.58
4908 163.612
4909 163.644
4910 163.676
4911 163.708
4912 163.741
4913 163.772
4914 163.82
4915 163.852
4916 163.884
4917 163.917
4918 163.948
4919 163.98
4920 164.012
4921 164.044
4922 164.076
4923 164.108
4924 164.14
4925 164.172
4926 164.22
4927 164.252
4928 164.284
4929 164.316
4930 164.348
4931 164.38
4932 164.412
4933 164.444
4934 164.476
4935 164.508
4936 164.54
4937 164.572
4938 164.604
4939 164.652
4940 164.684
4941 164.716
4942 164.748
4943 164.78
